case,control_vector_csb_oeb_web,check,value,unit,minimum,maximum,result,phase,output,metric,low,high,settling_allowance_only
fast_ctl001_a0_to_0_p2100,001,access_precharge_release_before_pclk_ps,334.15415892077914,ps,0,,PASS,,,,,,
fast_ctl001_a0_to_0_p2100,001,access_precharge_reassert_after_pclk_fall_ps,2263.9876961247655,ps,0,,PASS,,,,,,
fast_ctl001_a0_to_0_p2100,001,access_PRECH_high_at_PCLK_rise_v,1.739699979685651,V,1.62,,PASS,,,,,,
fast_ctl001_a0_to_0_p2100,001,access_selected_WL_off_before_PRECH_conduction_ps,1204.3370951199076,ps,0,,PASS,,,,,,
fast_ctl001_a0_to_0_p2100,001,access_WL0_max_while_PRECH_active_v,0.00021988449057613402,V,,0.18000000000000002,PASS,,,,,,
fast_ctl001_a0_to_0_p2100,001,access_WL1_max_while_PRECH_active_v,0.00015123903123233422,V,,0.18000000000000002,PASS,,,,,,
fast_ctl001_a0_to_0_p2100,001,access_WL2_max_while_PRECH_active_v,0.00015123902130630357,V,,0.18000000000000002,PASS,,,,,,
fast_ctl001_a0_to_0_p2100,001,access_WL3_max_while_PRECH_active_v,0.000151239075525766,V,,0.18000000000000002,PASS,,,,,,
fast_ctl001_a0_to_0_p2100,001,access_BL0_precharged_before_eval_v,1.8084137844671895,V,1.62,,PASS,,,,,,
fast_ctl001_a0_to_0_p2100,001,access_BLB0_precharged_before_eval_v,1.8078223247335115,V,1.62,,PASS,,,,,,
fast_ctl001_a0_to_0_p2100,001,access_BL1_precharged_before_eval_v,1.8084137844672084,V,1.62,,PASS,,,,,,
fast_ctl001_a0_to_0_p2100,001,access_BLB1_precharged_before_eval_v,1.8078223247335092,V,1.62,,PASS,,,,,,
fast_ctl001_a0_to_0_p2100,001,access_BL2_precharged_before_eval_v,1.8084137844671975,V,1.62,,PASS,,,,,,
fast_ctl001_a0_to_0_p2100,001,access_BLB2_precharged_before_eval_v,1.8078223247335101,V,1.62,,PASS,,,,,,
fast_ctl001_a0_to_0_p2100,001,access_BL3_precharged_before_eval_v,1.8084137844672206,V,1.62,,PASS,,,,,,
fast_ctl001_a0_to_0_p2100,001,access_BLB3_precharged_before_eval_v,1.80782232473351,V,1.62,,PASS,,,,,,
fast_ctl001_a0_to_0_p2100,001,access_BL4_precharged_before_eval_v,1.8084137844672041,V,1.62,,PASS,,,,,,
fast_ctl001_a0_to_0_p2100,001,access_BLB4_precharged_before_eval_v,1.8078223247335112,V,1.62,,PASS,,,,,,
fast_ctl001_a0_to_0_p2100,001,access_BL5_precharged_before_eval_v,1.808413784467188,V,1.62,,PASS,,,,,,
fast_ctl001_a0_to_0_p2100,001,access_BLB5_precharged_before_eval_v,1.8078223247335117,V,1.62,,PASS,,,,,,
fast_ctl001_a0_to_0_p2100,001,access_BL6_precharged_before_eval_v,1.8084137844672008,V,1.62,,PASS,,,,,,
fast_ctl001_a0_to_0_p2100,001,access_BLB6_precharged_before_eval_v,1.8078223247335095,V,1.62,,PASS,,,,,,
fast_ctl001_a0_to_0_p2100,001,access_BL7_precharged_before_eval_v,1.8084137844672,V,1.62,,PASS,,,,,,
fast_ctl001_a0_to_0_p2100,001,access_BLB7_precharged_before_eval_v,1.8078223247335095,V,1.62,,PASS,,,,,,
fast_ctl001_a0_to_0_p2100,001,final_BL0_precharged_v,1.7998905184643352,V,1.62,,PASS,,,,,,
fast_ctl001_a0_to_0_p2100,001,final_BLB0_precharged_v,1.7998905156581597,V,1.62,,PASS,,,,,,
fast_ctl001_a0_to_0_p2100,001,final_BL1_precharged_v,1.799890518464332,V,1.62,,PASS,,,,,,
fast_ctl001_a0_to_0_p2100,001,final_BLB1_precharged_v,1.799890515658163,V,1.62,,PASS,,,,,,
fast_ctl001_a0_to_0_p2100,001,final_BL2_precharged_v,1.7998905184643168,V,1.62,,PASS,,,,,,
fast_ctl001_a0_to_0_p2100,001,final_BLB2_precharged_v,1.7998905156581566,V,1.62,,PASS,,,,,,
fast_ctl001_a0_to_0_p2100,001,final_BL3_precharged_v,1.7998905184643326,V,1.62,,PASS,,,,,,
fast_ctl001_a0_to_0_p2100,001,final_BLB3_precharged_v,1.7998905156581586,V,1.62,,PASS,,,,,,
fast_ctl001_a0_to_0_p2100,001,final_BL4_precharged_v,1.7998905184643341,V,1.62,,PASS,,,,,,
fast_ctl001_a0_to_0_p2100,001,final_BLB4_precharged_v,1.7998905156581597,V,1.62,,PASS,,,,,,
fast_ctl001_a0_to_0_p2100,001,final_BL5_precharged_v,1.7998905184643417,V,1.62,,PASS,,,,,,
fast_ctl001_a0_to_0_p2100,001,final_BLB5_precharged_v,1.7998905156581644,V,1.62,,PASS,,,,,,
fast_ctl001_a0_to_0_p2100,001,final_BL6_precharged_v,1.7998905184643375,V,1.62,,PASS,,,,,,
fast_ctl001_a0_to_0_p2100,001,final_BLB6_precharged_v,1.7998905156581668,V,1.62,,PASS,,,,,,
fast_ctl001_a0_to_0_p2100,001,final_BL7_precharged_v,1.7998905184643375,V,1.62,,PASS,,,,,,
fast_ctl001_a0_to_0_p2100,001,final_BLB7_precharged_v,1.7998905156581608,V,1.62,,PASS,,,,,,
fast_ctl001_a0_to_0_p2100,,,1.800253648037989,,,,PASS,test,DEC0,upper_excursion_v,,1.9800000000000002,False
fast_ctl001_a0_to_0_p2100,,,-0.01664998975324382,,,,PASS,test,DEC0,lower_excursion_v,-0.18000000000000002,,False
fast_ctl001_a0_to_0_p2100,,,1.7988050347101543,,,,PASS,test,DEC0,end_level_v,1.62,1.9800000000000002,False
fast_ctl001_a0_to_0_p2100,,,1.7988050347101543,,,,PASS,test,DEC0,settled_min_v,1.62,,False
fast_ctl001_a0_to_0_p2100,,,0.0028141155680120196,,,,PASS,test,DEC1,upper_excursion_v,,1.9800000000000002,False
fast_ctl001_a0_to_0_p2100,,,-0.0007424366195112764,,,,PASS,test,DEC1,lower_excursion_v,-0.18000000000000002,,False
fast_ctl001_a0_to_0_p2100,,,-0.0007424366195112764,,,,PASS,test,DEC1,end_level_v,-0.18000000000000002,0.18000000000000002,False
fast_ctl001_a0_to_0_p2100,,,0.0028141155680120196,,,,PASS,test,DEC1,unselected_max_v,,0.18000000000000002,False
fast_ctl001_a0_to_0_p2100,,,0.00297352280452696,,,,PASS,test,DEC2,upper_excursion_v,,1.9800000000000002,False
fast_ctl001_a0_to_0_p2100,,,-0.0007099169393551211,,,,PASS,test,DEC2,lower_excursion_v,-0.18000000000000002,,False
fast_ctl001_a0_to_0_p2100,,,-0.0007099169393551211,,,,PASS,test,DEC2,end_level_v,-0.18000000000000002,0.18000000000000002,False
fast_ctl001_a0_to_0_p2100,,,0.00297352280452696,,,,PASS,test,DEC2,unselected_max_v,,0.18000000000000002,False
fast_ctl001_a0_to_0_p2100,,,0.0031996303409171376,,,,PASS,test,DEC3,upper_excursion_v,,1.9800000000000002,False
fast_ctl001_a0_to_0_p2100,,,-0.0003708588577971321,,,,PASS,test,DEC3,lower_excursion_v,-0.18000000000000002,,False
fast_ctl001_a0_to_0_p2100,,,-0.0003708588577971321,,,,PASS,test,DEC3,end_level_v,-0.18000000000000002,0.18000000000000002,False
fast_ctl001_a0_to_0_p2100,,,0.0031996303409171376,,,,PASS,test,DEC3,unselected_max_v,,0.18000000000000002,False
fast_ctl001_a0_to_0_p2100,,,1.7998162759498562,,,,PASS,test,WL0,upper_excursion_v,,1.9800000000000002,False
fast_ctl001_a0_to_0_p2100,,,-0.0014295926116634017,,,,PASS,test,WL0,lower_excursion_v,-0.18000000000000002,,False
fast_ctl001_a0_to_0_p2100,,,1.7998162759498562,,,,PASS,test,WL0,end_level_v,1.62,1.9800000000000002,False
fast_ctl001_a0_to_0_p2100,,,1.7917916580948376,,,,PASS,test,WL0,settled_min_v,1.62,,False
fast_ctl001_a0_to_0_p2100,,,0.00015369046983387057,,,,PASS,test,WL1,upper_excursion_v,,1.9800000000000002,False
fast_ctl001_a0_to_0_p2100,,,0.00014962828405018733,,,,PASS,test,WL1,lower_excursion_v,-0.18000000000000002,,False
fast_ctl001_a0_to_0_p2100,,,0.00014962828405018733,,,,PASS,test,WL1,end_level_v,-0.18000000000000002,0.18000000000000002,False
fast_ctl001_a0_to_0_p2100,,,0.00015369046983387057,,,,PASS,test,WL1,unselected_max_v,,0.18000000000000002,False
fast_ctl001_a0_to_0_p2100,,,0.0001534874643848936,,,,PASS,test,WL2,upper_excursion_v,,1.9800000000000002,False
fast_ctl001_a0_to_0_p2100,,,0.00014958238666062514,,,,PASS,test,WL2,lower_excursion_v,-0.18000000000000002,,False
fast_ctl001_a0_to_0_p2100,,,0.00014968754650717433,,,,PASS,test,WL2,end_level_v,-0.18000000000000002,0.18000000000000002,False
fast_ctl001_a0_to_0_p2100,,,0.0001534874643848936,,,,PASS,test,WL2,unselected_max_v,,0.18000000000000002,False
fast_ctl001_a0_to_0_p2100,,,0.00015432665297414897,,,,PASS,test,WL3,upper_excursion_v,,1.9800000000000002,False
fast_ctl001_a0_to_0_p2100,,,0.00014952519808206075,,,,PASS,test,WL3,lower_excursion_v,-0.18000000000000002,,False
fast_ctl001_a0_to_0_p2100,,,0.00015032262600507535,,,,PASS,test,WL3,end_level_v,-0.18000000000000002,0.18000000000000002,False
fast_ctl001_a0_to_0_p2100,,,0.00015432665297414897,,,,PASS,test,WL3,unselected_max_v,,0.18000000000000002,False
fast_ctl001_a0_to_0_p2100,,,0.0006991747929310874,,,,PASS,recovery,DEC0,end_level_v,-0.18000000000000002,0.18000000000000002,False
fast_ctl001_a0_to_0_p2100,,,0.0006991747929310874,,,,PASS,recovery,DEC0,settled_max_v,,0.18000000000000002,False
fast_ctl001_a0_to_0_p2100,,,0.0007642286889537001,,,,PASS,recovery,DEC1,end_level_v,-0.18000000000000002,0.18000000000000002,False
fast_ctl001_a0_to_0_p2100,,,0.0007642286889537001,,,,PASS,recovery,DEC1,settled_max_v,,0.18000000000000002,False
fast_ctl001_a0_to_0_p2100,,,0.000744202593280675,,,,PASS,recovery,DEC2,end_level_v,-0.18000000000000002,0.18000000000000002,False
fast_ctl001_a0_to_0_p2100,,,0.000744202593280675,,,,PASS,recovery,DEC2,settled_max_v,,0.18000000000000002,False
fast_ctl001_a0_to_0_p2100,,,0.0005717669753733006,,,,PASS,recovery,DEC3,end_level_v,-0.18000000000000002,0.18000000000000002,False
fast_ctl001_a0_to_0_p2100,,,0.0005717669753733006,,,,PASS,recovery,DEC3,settled_max_v,,0.18000000000000002,False
fast_ctl001_a0_to_0_p2100,,,0.00015197566275656983,,,,PASS,recovery,WL0,end_level_v,-0.18000000000000002,0.18000000000000002,False
fast_ctl001_a0_to_0_p2100,,,0.00015197566275656983,,,,PASS,recovery,WL0,settled_max_v,,0.18000000000000002,False
fast_ctl001_a0_to_0_p2100,,,0.0001520747746238125,,,,PASS,recovery,WL1,end_level_v,-0.18000000000000002,0.18000000000000002,False
fast_ctl001_a0_to_0_p2100,,,0.0001520747746238125,,,,PASS,recovery,WL1,settled_max_v,,0.18000000000000002,False
fast_ctl001_a0_to_0_p2100,,,0.00015203858320094734,,,,PASS,recovery,WL2,end_level_v,-0.18000000000000002,0.18000000000000002,False
fast_ctl001_a0_to_0_p2100,,,0.00015203858320094734,,,,PASS,recovery,WL2,settled_max_v,,0.18000000000000002,False
fast_ctl001_a0_to_0_p2100,,,0.00015176413606682836,,,,PASS,recovery,WL3,end_level_v,-0.18000000000000002,0.18000000000000002,False
fast_ctl001_a0_to_0_p2100,,,0.00015176413606682836,,,,PASS,recovery,WL3,settled_max_v,,0.18000000000000002,False
fast_ctl001_a0_to_0_p2100,,,1.8047922021850613,,,,PASS,recovery,N0,end_level_v,1.62,1.9800000000000002,False
fast_ctl001_a0_to_0_p2100,,,1.8052148501982983,,,,PASS,recovery,N1,end_level_v,1.62,1.9800000000000002,False
fast_ctl001_a0_to_0_p2100,,,1.805366454708278,,,,PASS,recovery,N2,end_level_v,1.62,1.9800000000000002,False
fast_ctl001_a0_to_0_p2100,,,1.8047863479070831,,,,PASS,recovery,N3,end_level_v,1.62,1.9800000000000002,False
fast_ctl001_a0_to_0_p2100,,,0.00023542393021890647,,,,PASS,final_precharge,DEC0,settled_max_v,,0.18000000000000002,False
fast_ctl001_a0_to_0_p2100,,,0.00023240311113799372,,,,PASS,final_precharge,DEC0,settled_min_v,-0.18000000000000002,,False
fast_ctl001_a0_to_0_p2100,,,0.0002328050733474267,,,,PASS,final_precharge,DEC1,settled_max_v,,0.18000000000000002,False
fast_ctl001_a0_to_0_p2100,,,0.00023203687422052987,,,,PASS,final_precharge,DEC1,settled_min_v,-0.18000000000000002,,False
fast_ctl001_a0_to_0_p2100,,,0.00023550049996955667,,,,PASS,final_precharge,DEC2,settled_max_v,,0.18000000000000002,False
fast_ctl001_a0_to_0_p2100,,,0.00023469591968666085,,,,PASS,final_precharge,DEC2,settled_min_v,-0.18000000000000002,,False
fast_ctl001_a0_to_0_p2100,,,0.0002359141676235981,,,,PASS,final_precharge,DEC3,settled_max_v,,0.18000000000000002,False
fast_ctl001_a0_to_0_p2100,,,0.00023530307107509624,,,,PASS,final_precharge,DEC3,settled_min_v,-0.18000000000000002,,False
fast_ctl001_a0_to_0_p2100,,,0.00015127698216322862,,,,PASS,final_precharge,WL0,settled_max_v,,0.18000000000000002,False
fast_ctl001_a0_to_0_p2100,,,0.00015123888765734294,,,,PASS,final_precharge,WL0,settled_min_v,-0.18000000000000002,,False
fast_ctl001_a0_to_0_p2100,,,0.00015123916702250014,,,,PASS,final_precharge,WL1,settled_max_v,,0.18000000000000002,False
fast_ctl001_a0_to_0_p2100,,,0.00015123905281004573,,,,PASS,final_precharge,WL1,settled_min_v,-0.18000000000000002,,False
fast_ctl001_a0_to_0_p2100,,,0.00015123916303821136,,,,PASS,final_precharge,WL2,settled_max_v,,0.18000000000000002,False
fast_ctl001_a0_to_0_p2100,,,0.00015123904373042212,,,,PASS,final_precharge,WL2,settled_min_v,-0.18000000000000002,,False
fast_ctl001_a0_to_0_p2100,,,0.00015123918472217056,,,,PASS,final_precharge,WL3,settled_max_v,,0.18000000000000002,False
fast_ctl001_a0_to_0_p2100,,,0.00015123909292032465,,,,PASS,final_precharge,WL3,settled_min_v,-0.18000000000000002,,False
fast_ctl001_a0_to_0_p2100,,,1.7987867667989332,,,,PASS,final_precharge,N0,end_level_v,1.62,1.9800000000000002,False
fast_ctl001_a0_to_0_p2100,,,1.799964483441552,,,,PASS,final_precharge,N1,end_level_v,1.62,1.9800000000000002,False
fast_ctl001_a0_to_0_p2100,,,1.7999967079457633,,,,PASS,final_precharge,N2,end_level_v,1.62,1.9800000000000002,False
fast_ctl001_a0_to_0_p2100,,,1.7999837600834119,,,,PASS,final_precharge,N3,end_level_v,1.62,1.9800000000000002,False
fast_ctl001_a0_to_0_p2100,,,1.8048075926057916,,,,PASS,pex_recovery,N0.N0.t2,dynamic_segment_level_v,1.62,1.9800000000000002,False
fast_ctl001_a0_to_0_p2100,,,1.7987867895165075,,,,PASS,pex_final_precharge,N0.N0.t2,dynamic_segment_level_v,1.62,1.9800000000000002,False
fast_ctl001_a0_to_0_p2100,,,1.8049695494758486,,,,PASS,pex_recovery,N0.N0.n1,dynamic_segment_level_v,1.62,1.9800000000000002,False
fast_ctl001_a0_to_0_p2100,,,1.7987870512210387,,,,PASS,pex_final_precharge,N0.N0.n1,dynamic_segment_level_v,1.62,1.9800000000000002,False
fast_ctl001_a0_to_0_p2100,,,1.8049554117799678,,,,PASS,pex_recovery,N0.N0.t0,dynamic_segment_level_v,1.62,1.9800000000000002,False
fast_ctl001_a0_to_0_p2100,,,1.798766630369106,,,,PASS,pex_final_precharge,N0.N0.t0,dynamic_segment_level_v,1.62,1.9800000000000002,False
fast_ctl001_a0_to_0_p2100,,,1.8054786771693425,,,,PASS,pex_recovery,N0.N0.t1,dynamic_segment_level_v,1.62,1.9800000000000002,False
fast_ctl001_a0_to_0_p2100,,,1.7988784068459562,,,,PASS,pex_final_precharge,N0.N0.t1,dynamic_segment_level_v,1.62,1.9800000000000002,False
fast_ctl001_a0_to_0_p2100,,,1.8047922021850613,,,,PASS,pex_recovery,N0.N0,dynamic_segment_level_v,1.62,1.9800000000000002,False
fast_ctl001_a0_to_0_p2100,,,1.7987867667989332,,,,PASS,pex_final_precharge,N0.N0,dynamic_segment_level_v,1.62,1.9800000000000002,False
fast_ctl001_a0_to_0_p2100,,,1.8049574496919634,,,,PASS,pex_recovery,N0.N0.n0,dynamic_segment_level_v,1.62,1.9800000000000002,False
fast_ctl001_a0_to_0_p2100,,,1.798787042627088,,,,PASS,pex_final_precharge,N0.N0.n0,dynamic_segment_level_v,1.62,1.9800000000000002,False
fast_ctl001_a0_to_0_p2100,,,1.8047922021850613,,,,PASS,pex_recovery,N0.N0.t3,dynamic_segment_level_v,1.62,1.9800000000000002,False
fast_ctl001_a0_to_0_p2100,,,1.7987867667989332,,,,PASS,pex_final_precharge,N0.N0.t3,dynamic_segment_level_v,1.62,1.9800000000000002,False
fast_ctl001_a0_to_0_p2100,,,1.8052148501982983,,,,PASS,pex_recovery,N1.N1.t3,dynamic_segment_level_v,1.62,1.9800000000000002,False
fast_ctl001_a0_to_0_p2100,,,1.799964483441552,,,,PASS,pex_final_precharge,N1.N1.t3,dynamic_segment_level_v,1.62,1.9800000000000002,False
fast_ctl001_a0_to_0_p2100,,,1.8053849092658387,,,,PASS,pex_recovery,N1.N1.n0,dynamic_segment_level_v,1.62,1.9800000000000002,False
fast_ctl001_a0_to_0_p2100,,,1.7999644832948376,,,,PASS,pex_final_precharge,N1.N1.n0,dynamic_segment_level_v,1.62,1.9800000000000002,False
fast_ctl001_a0_to_0_p2100,,,1.8052307590362842,,,,PASS,pex_recovery,N1.N1.t2,dynamic_segment_level_v,1.62,1.9800000000000002,False
fast_ctl001_a0_to_0_p2100,,,1.7999644828762356,,,,PASS,pex_final_precharge,N1.N1.t2,dynamic_segment_level_v,1.62,1.9800000000000002,False
fast_ctl001_a0_to_0_p2100,,,1.805875686687712,,,,PASS,pex_recovery,N1.N1.t1,dynamic_segment_level_v,1.62,1.9800000000000002,False
fast_ctl001_a0_to_0_p2100,,,1.7999661306728942,,,,PASS,pex_final_precharge,N1.N1.t1,dynamic_segment_level_v,1.62,1.9800000000000002,False
fast_ctl001_a0_to_0_p2100,,,1.8052148501982983,,,,PASS,pex_recovery,N1.N1,dynamic_segment_level_v,1.62,1.9800000000000002,False
fast_ctl001_a0_to_0_p2100,,,1.799964483441552,,,,PASS,pex_final_precharge,N1.N1,dynamic_segment_level_v,1.62,1.9800000000000002,False
fast_ctl001_a0_to_0_p2100,,,1.8053967238550694,,,,PASS,pex_recovery,N1.N1.n1,dynamic_segment_level_v,1.62,1.9800000000000002,False
fast_ctl001_a0_to_0_p2100,,,1.799964470835124,,,,PASS,pex_final_precharge,N1.N1.n1,dynamic_segment_level_v,1.62,1.9800000000000002,False
fast_ctl001_a0_to_0_p2100,,,1.8053864063699654,,,,PASS,pex_recovery,N1.N1.t0,dynamic_segment_level_v,1.62,1.9800000000000002,False
fast_ctl001_a0_to_0_p2100,,,1.7999639828026468,,,,PASS,pex_final_precharge,N1.N1.t0,dynamic_segment_level_v,1.62,1.9800000000000002,False
fast_ctl001_a0_to_0_p2100,,,1.8053815819265566,,,,PASS,pex_recovery,N2.N2.t2,dynamic_segment_level_v,1.62,1.9800000000000002,False
fast_ctl001_a0_to_0_p2100,,,1.7999967071124912,,,,PASS,pex_final_precharge,N2.N2.t2,dynamic_segment_level_v,1.62,1.9800000000000002,False
fast_ctl001_a0_to_0_p2100,,,1.8055502767125409,,,,PASS,pex_recovery,N2.N2.n1,dynamic_segment_level_v,1.62,1.9800000000000002,False
fast_ctl001_a0_to_0_p2100,,,1.799996679655368,,,,PASS,pex_final_precharge,N2.N2.n1,dynamic_segment_level_v,1.62,1.9800000000000002,False
fast_ctl001_a0_to_0_p2100,,,1.805366454708278,,,,PASS,pex_recovery,N2.N2,dynamic_segment_level_v,1.62,1.9800000000000002,False
fast_ctl001_a0_to_0_p2100,,,1.7999967079457633,,,,PASS,pex_final_precharge,N2.N2,dynamic_segment_level_v,1.62,1.9800000000000002,False
fast_ctl001_a0_to_0_p2100,,,1.805366454708278,,,,PASS,pex_recovery,N2.N2.t3,dynamic_segment_level_v,1.62,1.9800000000000002,False
fast_ctl001_a0_to_0_p2100,,,1.7999967079457633,,,,PASS,pex_final_precharge,N2.N2.t3,dynamic_segment_level_v,1.62,1.9800000000000002,False
fast_ctl001_a0_to_0_p2100,,,1.8055388209614087,,,,PASS,pex_recovery,N2.N2.n0,dynamic_segment_level_v,1.62,1.9800000000000002,False
fast_ctl001_a0_to_0_p2100,,,1.7999967048739767,,,,PASS,pex_final_precharge,N2.N2.n0,dynamic_segment_level_v,1.62,1.9800000000000002,False
fast_ctl001_a0_to_0_p2100,,,1.8060194489414514,,,,PASS,pex_recovery,N2.N2.t1,dynamic_segment_level_v,1.62,1.9800000000000002,False
fast_ctl001_a0_to_0_p2100,,,1.7999956391164136,,,,PASS,pex_final_precharge,N2.N2.t1,dynamic_segment_level_v,1.62,1.9800000000000002,False
fast_ctl001_a0_to_0_p2100,,,1.8055385527275791,,,,PASS,pex_recovery,N2.N2.t0,dynamic_segment_level_v,1.62,1.9800000000000002,False
fast_ctl001_a0_to_0_p2100,,,1.7999966784775425,,,,PASS,pex_final_precharge,N2.N2.t0,dynamic_segment_level_v,1.62,1.9800000000000002,False
fast_ctl001_a0_to_0_p2100,,,1.804942088174219,,,,PASS,pex_recovery,N3.N3.t0,dynamic_segment_level_v,1.62,1.9800000000000002,False
fast_ctl001_a0_to_0_p2100,,,1.799983750911439,,,,PASS,pex_final_precharge,N3.N3.t0,dynamic_segment_level_v,1.62,1.9800000000000002,False
fast_ctl001_a0_to_0_p2100,,,1.8049398024230414,,,,PASS,pex_recovery,N3.N3.n0,dynamic_segment_level_v,1.62,1.9800000000000002,False
fast_ctl001_a0_to_0_p2100,,,1.7999837595269204,,,,PASS,pex_final_precharge,N3.N3.n0,dynamic_segment_level_v,1.62,1.9800000000000002,False
fast_ctl001_a0_to_0_p2100,,,1.8049524633634655,,,,PASS,pex_recovery,N3.N3.n1,dynamic_segment_level_v,1.62,1.9800000000000002,False
fast_ctl001_a0_to_0_p2100,,,1.7999837546847581,,,,PASS,pex_final_precharge,N3.N3.n1,dynamic_segment_level_v,1.62,1.9800000000000002,False
fast_ctl001_a0_to_0_p2100,,,1.8047980452867824,,,,PASS,pex_recovery,N3.N3.t2,dynamic_segment_level_v,1.62,1.9800000000000002,False
fast_ctl001_a0_to_0_p2100,,,1.7999837595016852,,,,PASS,pex_final_precharge,N3.N3.t2,dynamic_segment_level_v,1.62,1.9800000000000002,False
fast_ctl001_a0_to_0_p2100,,,1.8054712991448822,,,,PASS,pex_recovery,N3.N3.t1,dynamic_segment_level_v,1.62,1.9800000000000002,False
fast_ctl001_a0_to_0_p2100,,,1.7999835706214917,,,,PASS,pex_final_precharge,N3.N3.t1,dynamic_segment_level_v,1.62,1.9800000000000002,False
fast_ctl001_a0_to_0_p2100,,,1.8047863479070831,,,,PASS,pex_recovery,N3.N3.t3,dynamic_segment_level_v,1.62,1.9800000000000002,False
fast_ctl001_a0_to_0_p2100,,,1.7999837600834119,,,,PASS,pex_final_precharge,N3.N3.t3,dynamic_segment_level_v,1.62,1.9800000000000002,False
fast_ctl001_a0_to_0_p2100,,,1.8047863479070831,,,,PASS,pex_recovery,N3.N3,dynamic_segment_level_v,1.62,1.9800000000000002,False
fast_ctl001_a0_to_0_p2100,,,1.7999837600834119,,,,PASS,pex_final_precharge,N3.N3,dynamic_segment_level_v,1.62,1.9800000000000002,False
fast_ctl001_a0_to_1_p2100,001,access_precharge_release_before_pclk_ps,334.2370819651426,ps,0,,PASS,,,,,,
fast_ctl001_a0_to_1_p2100,001,access_precharge_reassert_after_pclk_fall_ps,2264.009470635374,ps,0,,PASS,,,,,,
fast_ctl001_a0_to_1_p2100,001,access_PRECH_high_at_PCLK_rise_v,1.7397362792433877,V,1.62,,PASS,,,,,,
fast_ctl001_a0_to_1_p2100,001,access_selected_WL_off_before_PRECH_conduction_ps,1203.3248170664617,ps,0,,PASS,,,,,,
fast_ctl001_a0_to_1_p2100,001,access_WL0_max_while_PRECH_active_v,0.0001512390377398407,V,,0.18000000000000002,PASS,,,,,,
fast_ctl001_a0_to_1_p2100,001,access_WL1_max_while_PRECH_active_v,0.00022020034209653582,V,,0.18000000000000002,PASS,,,,,,
fast_ctl001_a0_to_1_p2100,001,access_WL2_max_while_PRECH_active_v,0.00015123899177342087,V,,0.18000000000000002,PASS,,,,,,
fast_ctl001_a0_to_1_p2100,001,access_WL3_max_while_PRECH_active_v,0.00015123905601590056,V,,0.18000000000000002,PASS,,,,,,
fast_ctl001_a0_to_1_p2100,001,access_BL0_precharged_before_eval_v,1.8084138926143851,V,1.62,,PASS,,,,,,
fast_ctl001_a0_to_1_p2100,001,access_BLB0_precharged_before_eval_v,1.80782241292979,V,1.62,,PASS,,,,,,
fast_ctl001_a0_to_1_p2100,001,access_BL1_precharged_before_eval_v,1.8084138926143605,V,1.62,,PASS,,,,,,
fast_ctl001_a0_to_1_p2100,001,access_BLB1_precharged_before_eval_v,1.8078224129297757,V,1.62,,PASS,,,,,,
fast_ctl001_a0_to_1_p2100,001,access_BL2_precharged_before_eval_v,1.808413892614366,V,1.62,,PASS,,,,,,
fast_ctl001_a0_to_1_p2100,001,access_BLB2_precharged_before_eval_v,1.8078224129297706,V,1.62,,PASS,,,,,,
fast_ctl001_a0_to_1_p2100,001,access_BL3_precharged_before_eval_v,1.8084138926143907,V,1.62,,PASS,,,,,,
fast_ctl001_a0_to_1_p2100,001,access_BLB3_precharged_before_eval_v,1.8078224129297855,V,1.62,,PASS,,,,,,
fast_ctl001_a0_to_1_p2100,001,access_BL4_precharged_before_eval_v,1.8084138926143787,V,1.62,,PASS,,,,,,
fast_ctl001_a0_to_1_p2100,001,access_BLB4_precharged_before_eval_v,1.8078224129297855,V,1.62,,PASS,,,,,,
fast_ctl001_a0_to_1_p2100,001,access_BL5_precharged_before_eval_v,1.8084138926143722,V,1.62,,PASS,,,,,,
fast_ctl001_a0_to_1_p2100,001,access_BLB5_precharged_before_eval_v,1.8078224129297955,V,1.62,,PASS,,,,,,
fast_ctl001_a0_to_1_p2100,001,access_BL6_precharged_before_eval_v,1.8084138926143611,V,1.62,,PASS,,,,,,
fast_ctl001_a0_to_1_p2100,001,access_BLB6_precharged_before_eval_v,1.8078224129297762,V,1.62,,PASS,,,,,,
fast_ctl001_a0_to_1_p2100,001,access_BL7_precharged_before_eval_v,1.8084138926143725,V,1.62,,PASS,,,,,,
fast_ctl001_a0_to_1_p2100,001,access_BLB7_precharged_before_eval_v,1.807822412929786,V,1.62,,PASS,,,,,,
fast_ctl001_a0_to_1_p2100,001,final_BL0_precharged_v,1.7998905579913902,V,1.62,,PASS,,,,,,
fast_ctl001_a0_to_1_p2100,001,final_BLB0_precharged_v,1.7998905551058904,V,1.62,,PASS,,,,,,
fast_ctl001_a0_to_1_p2100,001,final_BL1_precharged_v,1.799890557991393,V,1.62,,PASS,,,,,,
fast_ctl001_a0_to_1_p2100,001,final_BLB1_precharged_v,1.7998905551058897,V,1.62,,PASS,,,,,,
fast_ctl001_a0_to_1_p2100,001,final_BL2_precharged_v,1.7998905579913604,V,1.62,,PASS,,,,,,
fast_ctl001_a0_to_1_p2100,001,final_BLB2_precharged_v,1.7998905551058735,V,1.62,,PASS,,,,,,
fast_ctl001_a0_to_1_p2100,001,final_BL3_precharged_v,1.7998905579913922,V,1.62,,PASS,,,,,,
fast_ctl001_a0_to_1_p2100,001,final_BLB3_precharged_v,1.7998905551058912,V,1.62,,PASS,,,,,,
fast_ctl001_a0_to_1_p2100,001,final_BL4_precharged_v,1.799890557991391,V,1.62,,PASS,,,,,,
fast_ctl001_a0_to_1_p2100,001,final_BLB4_precharged_v,1.7998905551058875,V,1.62,,PASS,,,,,,
fast_ctl001_a0_to_1_p2100,001,final_BL5_precharged_v,1.7998905579913929,V,1.62,,PASS,,,,,,
fast_ctl001_a0_to_1_p2100,001,final_BLB5_precharged_v,1.7998905551058844,V,1.62,,PASS,,,,,,
fast_ctl001_a0_to_1_p2100,001,final_BL6_precharged_v,1.7998905579913906,V,1.62,,PASS,,,,,,
fast_ctl001_a0_to_1_p2100,001,final_BLB6_precharged_v,1.7998905551058793,V,1.62,,PASS,,,,,,
fast_ctl001_a0_to_1_p2100,001,final_BL7_precharged_v,1.799890557991396,V,1.62,,PASS,,,,,,
fast_ctl001_a0_to_1_p2100,001,final_BLB7_precharged_v,1.7998905551058868,V,1.62,,PASS,,,,,,
fast_ctl001_a0_to_1_p2100,,,0.001869669088280134,,,,PASS,test,DEC0,upper_excursion_v,,1.9800000000000002,False
fast_ctl001_a0_to_1_p2100,,,-0.0005652114337295105,,,,PASS,test,DEC0,lower_excursion_v,-0.18000000000000002,,False
fast_ctl001_a0_to_1_p2100,,,-0.0005652114337295105,,,,PASS,test,DEC0,end_level_v,-0.18000000000000002,0.18000000000000002,False
fast_ctl001_a0_to_1_p2100,,,0.001869669088280134,,,,PASS,test,DEC0,unselected_max_v,,0.18000000000000002,False
fast_ctl001_a0_to_1_p2100,,,1.8002586207376894,,,,PASS,test,DEC1,upper_excursion_v,,1.9800000000000002,False
fast_ctl001_a0_to_1_p2100,,,-0.015644248288865778,,,,PASS,test,DEC1,lower_excursion_v,-0.18000000000000002,,False
fast_ctl001_a0_to_1_p2100,,,1.7986458994851298,,,,PASS,test,DEC1,end_level_v,1.62,1.9800000000000002,False
fast_ctl001_a0_to_1_p2100,,,1.7986458994851298,,,,PASS,test,DEC1,settled_min_v,1.62,,False
fast_ctl001_a0_to_1_p2100,,,0.003008406178046645,,,,PASS,test,DEC2,upper_excursion_v,,1.9800000000000002,False
fast_ctl001_a0_to_1_p2100,,,-0.0007295063686095459,,,,PASS,test,DEC2,lower_excursion_v,-0.18000000000000002,,False
fast_ctl001_a0_to_1_p2100,,,-0.0007295063686095459,,,,PASS,test,DEC2,end_level_v,-0.18000000000000002,0.18000000000000002,False
fast_ctl001_a0_to_1_p2100,,,0.003008406178046645,,,,PASS,test,DEC2,unselected_max_v,,0.18000000000000002,False
fast_ctl001_a0_to_1_p2100,,,0.002989083415815005,,,,PASS,test,DEC3,upper_excursion_v,,1.9800000000000002,False
fast_ctl001_a0_to_1_p2100,,,-0.0003506558675601353,,,,PASS,test,DEC3,lower_excursion_v,-0.18000000000000002,,False
fast_ctl001_a0_to_1_p2100,,,-0.0003506558675601353,,,,PASS,test,DEC3,end_level_v,-0.18000000000000002,0.18000000000000002,False
fast_ctl001_a0_to_1_p2100,,,0.002989083415815005,,,,PASS,test,DEC3,unselected_max_v,,0.18000000000000002,False
fast_ctl001_a0_to_1_p2100,,,0.00015262462969640946,,,,PASS,test,WL0,upper_excursion_v,,1.9800000000000002,False
fast_ctl001_a0_to_1_p2100,,,0.00014988206202096025,,,,PASS,test,WL0,lower_excursion_v,-0.18000000000000002,,False
fast_ctl001_a0_to_1_p2100,,,0.00014988206202096025,,,,PASS,test,WL0,end_level_v,-0.18000000000000002,0.18000000000000002,False
fast_ctl001_a0_to_1_p2100,,,0.00015262462969640946,,,,PASS,test,WL0,unselected_max_v,,0.18000000000000002,False
fast_ctl001_a0_to_1_p2100,,,1.7998180269210864,,,,PASS,test,WL1,upper_excursion_v,,1.9800000000000002,False
fast_ctl001_a0_to_1_p2100,,,-0.001424043335758325,,,,PASS,test,WL1,lower_excursion_v,-0.18000000000000002,,False
fast_ctl001_a0_to_1_p2100,,,1.7998180269210864,,,,PASS,test,WL1,end_level_v,1.62,1.9800000000000002,False
fast_ctl001_a0_to_1_p2100,,,1.7918840627889556,,,,PASS,test,WL1,settled_min_v,1.62,,False
fast_ctl001_a0_to_1_p2100,,,0.00015390949118068874,,,,PASS,test,WL2,upper_excursion_v,,1.9800000000000002,False
fast_ctl001_a0_to_1_p2100,,,0.0001495145621306293,,,,PASS,test,WL2,lower_excursion_v,-0.18000000000000002,,False
fast_ctl001_a0_to_1_p2100,,,0.00014969657137212295,,,,PASS,test,WL2,end_level_v,-0.18000000000000002,0.18000000000000002,False
fast_ctl001_a0_to_1_p2100,,,0.00015390949118068874,,,,PASS,test,WL2,unselected_max_v,,0.18000000000000002,False
fast_ctl001_a0_to_1_p2100,,,0.00015372571731698124,,,,PASS,test,WL3,upper_excursion_v,,1.9800000000000002,False
fast_ctl001_a0_to_1_p2100,,,0.0001496068901879681,,,,PASS,test,WL3,lower_excursion_v,-0.18000000000000002,,False
fast_ctl001_a0_to_1_p2100,,,0.00015032379969204897,,,,PASS,test,WL3,end_level_v,-0.18000000000000002,0.18000000000000002,False
fast_ctl001_a0_to_1_p2100,,,0.00015372571731698124,,,,PASS,test,WL3,unselected_max_v,,0.18000000000000002,False
fast_ctl001_a0_to_1_p2100,,,0.0007015764132246064,,,,PASS,recovery,DEC0,end_level_v,-0.18000000000000002,0.18000000000000002,False
fast_ctl001_a0_to_1_p2100,,,0.0007015764132246064,,,,PASS,recovery,DEC0,settled_max_v,,0.18000000000000002,False
fast_ctl001_a0_to_1_p2100,,,0.0007662744152668885,,,,PASS,recovery,DEC1,end_level_v,-0.18000000000000002,0.18000000000000002,False
fast_ctl001_a0_to_1_p2100,,,0.000914527301164105,,,,PASS,recovery,DEC1,settled_max_v,,0.18000000000000002,False
fast_ctl001_a0_to_1_p2100,,,0.0007452047223836995,,,,PASS,recovery,DEC2,end_level_v,-0.18000000000000002,0.18000000000000002,False
fast_ctl001_a0_to_1_p2100,,,0.0007452047223836995,,,,PASS,recovery,DEC2,settled_max_v,,0.18000000000000002,False
fast_ctl001_a0_to_1_p2100,,,0.0005739664892824127,,,,PASS,recovery,DEC3,end_level_v,-0.18000000000000002,0.18000000000000002,False
fast_ctl001_a0_to_1_p2100,,,0.0009496756069196919,,,,PASS,recovery,DEC3,settled_max_v,,0.18000000000000002,False
fast_ctl001_a0_to_1_p2100,,,0.0001519693640614627,,,,PASS,recovery,WL0,end_level_v,-0.18000000000000002,0.18000000000000002,False
fast_ctl001_a0_to_1_p2100,,,0.0001519693640614627,,,,PASS,recovery,WL0,settled_max_v,,0.18000000000000002,False
fast_ctl001_a0_to_1_p2100,,,0.00015207397059697255,,,,PASS,recovery,WL1,end_level_v,-0.18000000000000002,0.18000000000000002,False
fast_ctl001_a0_to_1_p2100,,,0.00015207397059697255,,,,PASS,recovery,WL1,settled_max_v,,0.18000000000000002,False
fast_ctl001_a0_to_1_p2100,,,0.00015203503997670203,,,,PASS,recovery,WL2,end_level_v,-0.18000000000000002,0.18000000000000002,False
fast_ctl001_a0_to_1_p2100,,,0.00015203503997670203,,,,PASS,recovery,WL2,settled_max_v,,0.18000000000000002,False
fast_ctl001_a0_to_1_p2100,,,0.00015176455144077762,,,,PASS,recovery,WL3,end_level_v,-0.18000000000000002,0.18000000000000002,False
fast_ctl001_a0_to_1_p2100,,,0.00015198975295400497,,,,PASS,recovery,WL3,settled_max_v,,0.18000000000000002,False
fast_ctl001_a0_to_1_p2100,,,1.8042681249199362,,,,PASS,recovery,N0,end_level_v,1.62,1.9800000000000002,False
fast_ctl001_a0_to_1_p2100,,,1.805033929217764,,,,PASS,recovery,N1,end_level_v,1.62,1.9800000000000002,False
fast_ctl001_a0_to_1_p2100,,,1.8053971081051283,,,,PASS,recovery,N2,end_level_v,1.62,1.9800000000000002,False
fast_ctl001_a0_to_1_p2100,,,1.8048469590257934,,,,PASS,recovery,N3,end_level_v,1.62,1.9800000000000002,False
fast_ctl001_a0_to_1_p2100,,,0.00022939924692307148,,,,PASS,final_precharge,DEC0,settled_max_v,,0.18000000000000002,False
fast_ctl001_a0_to_1_p2100,,,0.00022865457378175302,,,,PASS,final_precharge,DEC0,settled_min_v,-0.18000000000000002,,False
fast_ctl001_a0_to_1_p2100,,,0.00023847056682436548,,,,PASS,final_precharge,DEC1,settled_max_v,,0.18000000000000002,False
fast_ctl001_a0_to_1_p2100,,,0.00023524882471944461,,,,PASS,final_precharge,DEC1,settled_min_v,-0.18000000000000002,,False
fast_ctl001_a0_to_1_p2100,,,0.00023532165650367454,,,,PASS,final_precharge,DEC2,settled_max_v,,0.18000000000000002,False
fast_ctl001_a0_to_1_p2100,,,0.0002344272178391435,,,,PASS,final_precharge,DEC2,settled_min_v,-0.18000000000000002,,False
fast_ctl001_a0_to_1_p2100,,,0.0002356768735489901,,,,PASS,final_precharge,DEC3,settled_max_v,,0.18000000000000002,False
fast_ctl001_a0_to_1_p2100,,,0.00023500370351500158,,,,PASS,final_precharge,DEC3,settled_min_v,-0.18000000000000002,,False
fast_ctl001_a0_to_1_p2100,,,0.00015123916944008537,,,,PASS,final_precharge,WL0,settled_max_v,,0.18000000000000002,False
fast_ctl001_a0_to_1_p2100,,,0.00015123905874986988,,,,PASS,final_precharge,WL0,settled_min_v,-0.18000000000000002,,False
fast_ctl001_a0_to_1_p2100,,,0.00015127718593205096,,,,PASS,final_precharge,WL1,settled_max_v,,0.18000000000000002,False
fast_ctl001_a0_to_1_p2100,,,0.00015123886195703357,,,,PASS,final_precharge,WL1,settled_min_v,-0.18000000000000002,,False
fast_ctl001_a0_to_1_p2100,,,0.00015123915382294685,,,,PASS,final_precharge,WL2,settled_max_v,,0.18000000000000002,False
fast_ctl001_a0_to_1_p2100,,,0.00015123901771074022,,,,PASS,final_precharge,WL2,settled_min_v,-0.18000000000000002,,False
fast_ctl001_a0_to_1_p2100,,,0.00015123917818451958,,,,PASS,final_precharge,WL3,settled_max_v,,0.18000000000000002,False
fast_ctl001_a0_to_1_p2100,,,0.00015123907557970485,,,,PASS,final_precharge,WL3,settled_min_v,-0.18000000000000002,,False
fast_ctl001_a0_to_1_p2100,,,1.7999322359970054,,,,PASS,final_precharge,N0,end_level_v,1.62,1.9800000000000002,False
fast_ctl001_a0_to_1_p2100,,,1.7987695977457974,,,,PASS,final_precharge,N1,end_level_v,1.62,1.9800000000000002,False
fast_ctl001_a0_to_1_p2100,,,1.799987590992105,,,,PASS,final_precharge,N2,end_level_v,1.62,1.9800000000000002,False
fast_ctl001_a0_to_1_p2100,,,1.7999919494782486,,,,PASS,final_precharge,N3,end_level_v,1.62,1.9800000000000002,False
fast_ctl001_a0_to_1_p2100,,,1.8042835059071347,,,,PASS,pex_recovery,N0.N0.t2,dynamic_segment_level_v,1.62,1.9800000000000002,False
fast_ctl001_a0_to_1_p2100,,,1.7999322356223173,,,,PASS,pex_final_precharge,N0.N0.t2,dynamic_segment_level_v,1.62,1.9800000000000002,False
fast_ctl001_a0_to_1_p2100,,,1.8044460420429593,,,,PASS,pex_recovery,N0.N0.n1,dynamic_segment_level_v,1.62,1.9800000000000002,False
fast_ctl001_a0_to_1_p2100,,,1.7999322309365704,,,,PASS,pex_final_precharge,N0.N0.n1,dynamic_segment_level_v,1.62,1.9800000000000002,False
fast_ctl001_a0_to_1_p2100,,,1.8044227829096524,,,,PASS,pex_recovery,N0.N0.t0,dynamic_segment_level_v,1.62,1.9800000000000002,False
fast_ctl001_a0_to_1_p2100,,,1.7999311581182167,,,,PASS,pex_final_precharge,N0.N0.t0,dynamic_segment_level_v,1.62,1.9800000000000002,False
fast_ctl001_a0_to_1_p2100,,,1.8049956354547942,,,,PASS,pex_recovery,N0.N0.t1,dynamic_segment_level_v,1.62,1.9800000000000002,False
fast_ctl001_a0_to_1_p2100,,,1.7999366486043757,,,,PASS,pex_final_precharge,N0.N0.t1,dynamic_segment_level_v,1.62,1.9800000000000002,False
fast_ctl001_a0_to_1_p2100,,,1.8042681249199362,,,,PASS,pex_recovery,N0.N0,dynamic_segment_level_v,1.62,1.9800000000000002,False
fast_ctl001_a0_to_1_p2100,,,1.7999322359970054,,,,PASS,pex_final_precharge,N0.N0,dynamic_segment_level_v,1.62,1.9800000000000002,False
fast_ctl001_a0_to_1_p2100,,,1.8044339423610753,,,,PASS,pex_recovery,N0.N0.n0,dynamic_segment_level_v,1.62,1.9800000000000002,False
fast_ctl001_a0_to_1_p2100,,,1.7999322397692197,,,,PASS,pex_final_precharge,N0.N0.n0,dynamic_segment_level_v,1.62,1.9800000000000002,False
fast_ctl001_a0_to_1_p2100,,,1.8042681249199362,,,,PASS,pex_recovery,N0.N0.t3,dynamic_segment_level_v,1.62,1.9800000000000002,False
fast_ctl001_a0_to_1_p2100,,,1.7999322359970054,,,,PASS,pex_final_precharge,N0.N0.t3,dynamic_segment_level_v,1.62,1.9800000000000002,False
fast_ctl001_a0_to_1_p2100,,,1.805033929217764,,,,PASS,pex_recovery,N1.N1.t3,dynamic_segment_level_v,1.62,1.9800000000000002,False
fast_ctl001_a0_to_1_p2100,,,1.7987695977457974,,,,PASS,pex_final_precharge,N1.N1.t3,dynamic_segment_level_v,1.62,1.9800000000000002,False
fast_ctl001_a0_to_1_p2100,,,1.8052037327114911,,,,PASS,pex_recovery,N1.N1.n0,dynamic_segment_level_v,1.62,1.9800000000000002,False
fast_ctl001_a0_to_1_p2100,,,1.79876987940894,,,,PASS,pex_final_precharge,N1.N1.n0,dynamic_segment_level_v,1.62,1.9800000000000002,False
fast_ctl001_a0_to_1_p2100,,,1.8050497603085085,,,,PASS,pex_recovery,N1.N1.t2,dynamic_segment_level_v,1.62,1.9800000000000002,False
fast_ctl001_a0_to_1_p2100,,,1.7987696206949002,,,,PASS,pex_final_precharge,N1.N1.t2,dynamic_segment_level_v,1.62,1.9800000000000002,False
fast_ctl001_a0_to_1_p2100,,,1.8057106223383341,,,,PASS,pex_recovery,N1.N1.t1,dynamic_segment_level_v,1.62,1.9800000000000002,False
fast_ctl001_a0_to_1_p2100,,,1.7988622139038701,,,,PASS,pex_final_precharge,N1.N1.t1,dynamic_segment_level_v,1.62,1.9800000000000002,False
fast_ctl001_a0_to_1_p2100,,,1.805033929217764,,,,PASS,pex_recovery,N1.N1,dynamic_segment_level_v,1.62,1.9800000000000002,False
fast_ctl001_a0_to_1_p2100,,,1.7987695977457974,,,,PASS,pex_final_precharge,N1.N1,dynamic_segment_level_v,1.62,1.9800000000000002,False
fast_ctl001_a0_to_1_p2100,,,1.805215624275451,,,,PASS,pex_recovery,N1.N1.n1,dynamic_segment_level_v,1.62,1.9800000000000002,False
fast_ctl001_a0_to_1_p2100,,,1.7987698831342729,,,,PASS,pex_final_precharge,N1.N1.n1,dynamic_segment_level_v,1.62,1.9800000000000002,False
fast_ctl001_a0_to_1_p2100,,,1.8052024450249478,,,,PASS,pex_recovery,N1.N1.t0,dynamic_segment_level_v,1.62,1.9800000000000002,False
fast_ctl001_a0_to_1_p2100,,,1.7987491979979462,,,,PASS,pex_final_precharge,N1.N1.t0,dynamic_segment_level_v,1.62,1.9800000000000002,False
fast_ctl001_a0_to_1_p2100,,,1.8054121570664639,,,,PASS,pex_recovery,N2.N2.t2,dynamic_segment_level_v,1.62,1.9800000000000002,False
fast_ctl001_a0_to_1_p2100,,,1.7999875900814801,,,,PASS,pex_final_precharge,N2.N2.t2,dynamic_segment_level_v,1.62,1.9800000000000002,False
fast_ctl001_a0_to_1_p2100,,,1.8055812489223801,,,,PASS,pex_recovery,N2.N2.n1,dynamic_segment_level_v,1.62,1.9800000000000002,False
fast_ctl001_a0_to_1_p2100,,,1.7999875800727645,,,,PASS,pex_final_precharge,N2.N2.n1,dynamic_segment_level_v,1.62,1.9800000000000002,False
fast_ctl001_a0_to_1_p2100,,,1.8053971081051283,,,,PASS,pex_recovery,N2.N2,dynamic_segment_level_v,1.62,1.9800000000000002,False
fast_ctl001_a0_to_1_p2100,,,1.799987590992105,,,,PASS,pex_final_precharge,N2.N2,dynamic_segment_level_v,1.62,1.9800000000000002,False
fast_ctl001_a0_to_1_p2100,,,1.8053971081051283,,,,PASS,pex_recovery,N2.N2.t3,dynamic_segment_level_v,1.62,1.9800000000000002,False
fast_ctl001_a0_to_1_p2100,,,1.799987590992105,,,,PASS,pex_final_precharge,N2.N2.t3,dynamic_segment_level_v,1.62,1.9800000000000002,False
fast_ctl001_a0_to_1_p2100,,,1.8055697785048188,,,,PASS,pex_recovery,N2.N2.n0,dynamic_segment_level_v,1.62,1.9800000000000002,False
fast_ctl001_a0_to_1_p2100,,,1.7999875898274071,,,,PASS,pex_final_precharge,N2.N2.n0,dynamic_segment_level_v,1.62,1.9800000000000002,False
fast_ctl001_a0_to_1_p2100,,,1.8060510044831577,,,,PASS,pex_recovery,N2.N2.t1,dynamic_segment_level_v,1.62,1.9800000000000002,False
fast_ctl001_a0_to_1_p2100,,,1.7999871812283672,,,,PASS,pex_final_precharge,N2.N2.t1,dynamic_segment_level_v,1.62,1.9800000000000002,False
fast_ctl001_a0_to_1_p2100,,,1.8055695014275546,,,,PASS,pex_recovery,N2.N2.t0,dynamic_segment_level_v,1.62,1.9800000000000002,False
fast_ctl001_a0_to_1_p2100,,,1.7999875787743984,,,,PASS,pex_final_precharge,N2.N2.t0,dynamic_segment_level_v,1.62,1.9800000000000002,False
fast_ctl001_a0_to_1_p2100,,,1.805003161849333,,,,PASS,pex_recovery,N3.N3.t0,dynamic_segment_level_v,1.62,1.9800000000000002,False
fast_ctl001_a0_to_1_p2100,,,1.799991924966474,,,,PASS,pex_final_precharge,N3.N3.t0,dynamic_segment_level_v,1.62,1.9800000000000002,False
fast_ctl001_a0_to_1_p2100,,,1.805000958071944,,,,PASS,pex_recovery,N3.N3.n0,dynamic_segment_level_v,1.62,1.9800000000000002,False
fast_ctl001_a0_to_1_p2100,,,1.7999919469364476,,,,PASS,pex_final_precharge,N3.N3.n0,dynamic_segment_level_v,1.62,1.9800000000000002,False
fast_ctl001_a0_to_1_p2100,,,1.8050135790983464,,,,PASS,pex_recovery,N3.N3.n1,dynamic_segment_level_v,1.62,1.9800000000000002,False
fast_ctl001_a0_to_1_p2100,,,1.799991926202202,,,,PASS,pex_final_precharge,N3.N3.n1,dynamic_segment_level_v,1.62,1.9800000000000002,False
fast_ctl001_a0_to_1_p2100,,,1.8048586355803153,,,,PASS,pex_recovery,N3.N3.t2,dynamic_segment_level_v,1.62,1.9800000000000002,False
fast_ctl001_a0_to_1_p2100,,,1.7999919484816227,,,,PASS,pex_final_precharge,N3.N3.t2,dynamic_segment_level_v,1.62,1.9800000000000002,False
fast_ctl001_a0_to_1_p2100,,,1.8055307421737927,,,,PASS,pex_recovery,N3.N3.t1,dynamic_segment_level_v,1.62,1.9800000000000002,False
fast_ctl001_a0_to_1_p2100,,,1.7999910718421064,,,,PASS,pex_final_precharge,N3.N3.t1,dynamic_segment_level_v,1.62,1.9800000000000002,False
fast_ctl001_a0_to_1_p2100,,,1.8048469590257934,,,,PASS,pex_recovery,N3.N3.t3,dynamic_segment_level_v,1.62,1.9800000000000002,False
fast_ctl001_a0_to_1_p2100,,,1.7999919494782486,,,,PASS,pex_final_precharge,N3.N3.t3,dynamic_segment_level_v,1.62,1.9800000000000002,False
fast_ctl001_a0_to_1_p2100,,,1.8048469590257934,,,,PASS,pex_recovery,N3.N3,dynamic_segment_level_v,1.62,1.9800000000000002,False
fast_ctl001_a0_to_1_p2100,,,1.7999919494782486,,,,PASS,pex_final_precharge,N3.N3,dynamic_segment_level_v,1.62,1.9800000000000002,False
fast_ctl001_a0_to_2_p2100,001,access_precharge_release_before_pclk_ps,334.110956233421,ps,0,,PASS,,,,,,
fast_ctl001_a0_to_2_p2100,001,access_precharge_reassert_after_pclk_fall_ps,2264.136941438998,ps,0,,PASS,,,,,,
fast_ctl001_a0_to_2_p2100,001,access_PRECH_high_at_PCLK_rise_v,1.739683816707166,V,1.62,,PASS,,,,,,
fast_ctl001_a0_to_2_p2100,001,access_selected_WL_off_before_PRECH_conduction_ps,1204.2728845122786,ps,0,,PASS,,,,,,
fast_ctl001_a0_to_2_p2100,001,access_WL0_max_while_PRECH_active_v,0.0001512390510834747,V,,0.18000000000000002,PASS,,,,,,
fast_ctl001_a0_to_2_p2100,001,access_WL1_max_while_PRECH_active_v,0.00015123901966630993,V,,0.18000000000000002,PASS,,,,,,
fast_ctl001_a0_to_2_p2100,001,access_WL2_max_while_PRECH_active_v,0.00021995065612511898,V,,0.18000000000000002,PASS,,,,,,
fast_ctl001_a0_to_2_p2100,001,access_WL3_max_while_PRECH_active_v,0.0001512390548522454,V,,0.18000000000000002,PASS,,,,,,
fast_ctl001_a0_to_2_p2100,001,access_BL0_precharged_before_eval_v,1.8084137301907108,V,1.62,,PASS,,,,,,
fast_ctl001_a0_to_2_p2100,001,access_BLB0_precharged_before_eval_v,1.8078222806842783,V,1.62,,PASS,,,,,,
fast_ctl001_a0_to_2_p2100,001,access_BL1_precharged_before_eval_v,1.8084137301907095,V,1.62,,PASS,,,,,,
fast_ctl001_a0_to_2_p2100,001,access_BLB1_precharged_before_eval_v,1.8078222806842983,V,1.62,,PASS,,,,,,
fast_ctl001_a0_to_2_p2100,001,access_BL2_precharged_before_eval_v,1.80841373019072,V,1.62,,PASS,,,,,,
fast_ctl001_a0_to_2_p2100,001,access_BLB2_precharged_before_eval_v,1.8078222806842776,V,1.62,,PASS,,,,,,
fast_ctl001_a0_to_2_p2100,001,access_BL3_precharged_before_eval_v,1.8084137301907206,V,1.62,,PASS,,,,,,
fast_ctl001_a0_to_2_p2100,001,access_BLB3_precharged_before_eval_v,1.8078222806843027,V,1.62,,PASS,,,,,,
fast_ctl001_a0_to_2_p2100,001,access_BL4_precharged_before_eval_v,1.8084137301907037,V,1.62,,PASS,,,,,,
fast_ctl001_a0_to_2_p2100,001,access_BLB4_precharged_before_eval_v,1.8078222806843045,V,1.62,,PASS,,,,,,
fast_ctl001_a0_to_2_p2100,001,access_BL5_precharged_before_eval_v,1.8084137301907197,V,1.62,,PASS,,,,,,
fast_ctl001_a0_to_2_p2100,001,access_BLB5_precharged_before_eval_v,1.807822280684282,V,1.62,,PASS,,,,,,
fast_ctl001_a0_to_2_p2100,001,access_BL6_precharged_before_eval_v,1.8084137301907248,V,1.62,,PASS,,,,,,
fast_ctl001_a0_to_2_p2100,001,access_BLB6_precharged_before_eval_v,1.8078222806842885,V,1.62,,PASS,,,,,,
fast_ctl001_a0_to_2_p2100,001,access_BL7_precharged_before_eval_v,1.8084137301907257,V,1.62,,PASS,,,,,,
fast_ctl001_a0_to_2_p2100,001,access_BLB7_precharged_before_eval_v,1.8078222806842843,V,1.62,,PASS,,,,,,
fast_ctl001_a0_to_2_p2100,001,final_BL0_precharged_v,1.7998905077404266,V,1.62,,PASS,,,,,,
fast_ctl001_a0_to_2_p2100,001,final_BLB0_precharged_v,1.799890504956044,V,1.62,,PASS,,,,,,
fast_ctl001_a0_to_2_p2100,001,final_BL1_precharged_v,1.7998905077404317,V,1.62,,PASS,,,,,,
fast_ctl001_a0_to_2_p2100,001,final_BLB1_precharged_v,1.7998905049560425,V,1.62,,PASS,,,,,,
fast_ctl001_a0_to_2_p2100,001,final_BL2_precharged_v,1.7998905077403986,V,1.62,,PASS,,,,,,
fast_ctl001_a0_to_2_p2100,001,final_BLB2_precharged_v,1.7998905049560319,V,1.62,,PASS,,,,,,
fast_ctl001_a0_to_2_p2100,001,final_BL3_precharged_v,1.7998905077404266,V,1.62,,PASS,,,,,,
fast_ctl001_a0_to_2_p2100,001,final_BLB3_precharged_v,1.7998905049560445,V,1.62,,PASS,,,,,,
fast_ctl001_a0_to_2_p2100,001,final_BL4_precharged_v,1.7998905077404297,V,1.62,,PASS,,,,,,
fast_ctl001_a0_to_2_p2100,001,final_BLB4_precharged_v,1.7998905049560425,V,1.62,,PASS,,,,,,
fast_ctl001_a0_to_2_p2100,001,final_BL5_precharged_v,1.799890507740429,V,1.62,,PASS,,,,,,
fast_ctl001_a0_to_2_p2100,001,final_BLB5_precharged_v,1.7998905049560425,V,1.62,,PASS,,,,,,
fast_ctl001_a0_to_2_p2100,001,final_BL6_precharged_v,1.7998905077404292,V,1.62,,PASS,,,,,,
fast_ctl001_a0_to_2_p2100,001,final_BLB6_precharged_v,1.7998905049560425,V,1.62,,PASS,,,,,,
fast_ctl001_a0_to_2_p2100,001,final_BL7_precharged_v,1.7998905077404244,V,1.62,,PASS,,,,,,
fast_ctl001_a0_to_2_p2100,001,final_BLB7_precharged_v,1.799890504956037,V,1.62,,PASS,,,,,,
fast_ctl001_a0_to_2_p2100,,,0.0019061128053524251,,,,PASS,test,DEC0,upper_excursion_v,,1.9800000000000002,False
fast_ctl001_a0_to_2_p2100,,,-0.0005991731699840967,,,,PASS,test,DEC0,lower_excursion_v,-0.18000000000000002,,False
fast_ctl001_a0_to_2_p2100,,,-0.0005991731699840967,,,,PASS,test,DEC0,end_level_v,-0.18000000000000002,0.18000000000000002,False
fast_ctl001_a0_to_2_p2100,,,0.0019061128053524251,,,,PASS,test,DEC0,unselected_max_v,,0.18000000000000002,False
fast_ctl001_a0_to_2_p2100,,,0.002872692956261153,,,,PASS,test,DEC1,upper_excursion_v,,1.9800000000000002,False
fast_ctl001_a0_to_2_p2100,,,-0.000749857741736014,,,,PASS,test,DEC1,lower_excursion_v,-0.18000000000000002,,False
fast_ctl001_a0_to_2_p2100,,,-0.000749857741736014,,,,PASS,test,DEC1,end_level_v,-0.18000000000000002,0.18000000000000002,False
fast_ctl001_a0_to_2_p2100,,,0.002872692956261153,,,,PASS,test,DEC1,unselected_max_v,,0.18000000000000002,False
fast_ctl001_a0_to_2_p2100,,,1.800257711495479,,,,PASS,test,DEC2,upper_excursion_v,,1.9800000000000002,False
fast_ctl001_a0_to_2_p2100,,,-0.016167840323970888,,,,PASS,test,DEC2,lower_excursion_v,-0.18000000000000002,,False
fast_ctl001_a0_to_2_p2100,,,1.7986999529762737,,,,PASS,test,DEC2,end_level_v,1.62,1.9800000000000002,False
fast_ctl001_a0_to_2_p2100,,,1.7986999529762737,,,,PASS,test,DEC2,settled_min_v,1.62,,False
fast_ctl001_a0_to_2_p2100,,,0.00301616743888301,,,,PASS,test,DEC3,upper_excursion_v,,1.9800000000000002,False
fast_ctl001_a0_to_2_p2100,,,-0.00026852571038000095,,,,PASS,test,DEC3,lower_excursion_v,-0.18000000000000002,,False
fast_ctl001_a0_to_2_p2100,,,-0.00026852571038000095,,,,PASS,test,DEC3,end_level_v,-0.18000000000000002,0.18000000000000002,False
fast_ctl001_a0_to_2_p2100,,,0.00301616743888301,,,,PASS,test,DEC3,unselected_max_v,,0.18000000000000002,False
fast_ctl001_a0_to_2_p2100,,,0.00015234531318020358,,,,PASS,test,WL0,upper_excursion_v,,1.9800000000000002,False
fast_ctl001_a0_to_2_p2100,,,0.00014989261167590437,,,,PASS,test,WL0,lower_excursion_v,-0.18000000000000002,,False
fast_ctl001_a0_to_2_p2100,,,0.00014989261167590437,,,,PASS,test,WL0,end_level_v,-0.18000000000000002,0.18000000000000002,False
fast_ctl001_a0_to_2_p2100,,,0.00015234531318020358,,,,PASS,test,WL0,unselected_max_v,,0.18000000000000002,False
fast_ctl001_a0_to_2_p2100,,,0.0001537829493230963,,,,PASS,test,WL1,upper_excursion_v,,1.9800000000000002,False
fast_ctl001_a0_to_2_p2100,,,0.00014965119832219986,,,,PASS,test,WL1,lower_excursion_v,-0.18000000000000002,,False
fast_ctl001_a0_to_2_p2100,,,0.00014965119832219986,,,,PASS,test,WL1,end_level_v,-0.18000000000000002,0.18000000000000002,False
fast_ctl001_a0_to_2_p2100,,,0.0001537829493230963,,,,PASS,test,WL1,unselected_max_v,,0.18000000000000002,False
fast_ctl001_a0_to_2_p2100,,,1.7998155089586354,,,,PASS,test,WL2,upper_excursion_v,,1.9800000000000002,False
fast_ctl001_a0_to_2_p2100,,,-0.0014265978423049091,,,,PASS,test,WL2,lower_excursion_v,-0.18000000000000002,,False
fast_ctl001_a0_to_2_p2100,,,1.7998155089586354,,,,PASS,test,WL2,end_level_v,1.62,1.9800000000000002,False
fast_ctl001_a0_to_2_p2100,,,1.79176359962525,,,,PASS,test,WL2,settled_min_v,1.62,,False
fast_ctl001_a0_to_2_p2100,,,0.00015420771054049242,,,,PASS,test,WL3,upper_excursion_v,,1.9800000000000002,False
fast_ctl001_a0_to_2_p2100,,,0.00014960205663325482,,,,PASS,test,WL3,lower_excursion_v,-0.18000000000000002,,False
fast_ctl001_a0_to_2_p2100,,,0.00015035393907050846,,,,PASS,test,WL3,end_level_v,-0.18000000000000002,0.18000000000000002,False
fast_ctl001_a0_to_2_p2100,,,0.00015420771054049242,,,,PASS,test,WL3,unselected_max_v,,0.18000000000000002,False
fast_ctl001_a0_to_2_p2100,,,0.0006895393465098897,,,,PASS,recovery,DEC0,end_level_v,-0.18000000000000002,0.18000000000000002,False
fast_ctl001_a0_to_2_p2100,,,0.0011849175533745863,,,,PASS,recovery,DEC0,settled_max_v,,0.18000000000000002,False
fast_ctl001_a0_to_2_p2100,,,0.0007554348545255632,,,,PASS,recovery,DEC1,end_level_v,-0.18000000000000002,0.18000000000000002,False
fast_ctl001_a0_to_2_p2100,,,0.001252960738389502,,,,PASS,recovery,DEC1,settled_max_v,,0.18000000000000002,False
fast_ctl001_a0_to_2_p2100,,,0.0007422972794821047,,,,PASS,recovery,DEC2,end_level_v,-0.18000000000000002,0.18000000000000002,False
fast_ctl001_a0_to_2_p2100,,,0.001499504037542418,,,,PASS,recovery,DEC2,settled_max_v,,0.18000000000000002,False
fast_ctl001_a0_to_2_p2100,,,0.0005739079465598334,,,,PASS,recovery,DEC3,end_level_v,-0.18000000000000002,0.18000000000000002,False
fast_ctl001_a0_to_2_p2100,,,0.0014562387687851218,,,,PASS,recovery,DEC3,settled_max_v,,0.18000000000000002,False
fast_ctl001_a0_to_2_p2100,,,0.00015196180545097552,,,,PASS,recovery,WL0,end_level_v,-0.18000000000000002,0.18000000000000002,False
fast_ctl001_a0_to_2_p2100,,,0.00015235096997397556,,,,PASS,recovery,WL0,settled_max_v,,0.18000000000000002,False
fast_ctl001_a0_to_2_p2100,,,0.00015206075853456364,,,,PASS,recovery,WL1,end_level_v,-0.18000000000000002,0.18000000000000002,False
fast_ctl001_a0_to_2_p2100,,,0.00015240309808743342,,,,PASS,recovery,WL1,settled_max_v,,0.18000000000000002,False
fast_ctl001_a0_to_2_p2100,,,0.00015203498486307846,,,,PASS,recovery,WL2,end_level_v,-0.18000000000000002,0.18000000000000002,False
fast_ctl001_a0_to_2_p2100,,,0.00015244184580612944,,,,PASS,recovery,WL2,settled_max_v,,0.18000000000000002,False
fast_ctl001_a0_to_2_p2100,,,0.0001517540898515749,,,,PASS,recovery,WL3,end_level_v,-0.18000000000000002,0.18000000000000002,False
fast_ctl001_a0_to_2_p2100,,,0.0001526944513259529,,,,PASS,recovery,WL3,settled_max_v,,0.18000000000000002,False
fast_ctl001_a0_to_2_p2100,,,1.8050574673588942,,,,PASS,recovery,N0,end_level_v,1.62,1.9800000000000002,False
fast_ctl001_a0_to_2_p2100,,,1.8052073229739534,,,,PASS,recovery,N1,end_level_v,1.62,1.9800000000000002,False
fast_ctl001_a0_to_2_p2100,,,1.8053626123389686,,,,PASS,recovery,N2,end_level_v,1.62,1.9800000000000002,False
fast_ctl001_a0_to_2_p2100,,,1.8037381791518745,,,,PASS,recovery,N3,end_level_v,1.62,1.9800000000000002,False
fast_ctl001_a0_to_2_p2100,,,0.00022887418510152228,,,,PASS,final_precharge,DEC0,settled_max_v,,0.18000000000000002,False
fast_ctl001_a0_to_2_p2100,,,0.00022818053529782834,,,,PASS,final_precharge,DEC0,settled_min_v,-0.18000000000000002,,False
fast_ctl001_a0_to_2_p2100,,,0.00023213746644558646,,,,PASS,final_precharge,DEC1,settled_max_v,,0.18000000000000002,False
fast_ctl001_a0_to_2_p2100,,,0.00023134069056527122,,,,PASS,final_precharge,DEC1,settled_min_v,-0.18000000000000002,,False
fast_ctl001_a0_to_2_p2100,,,0.000241025614254816,,,,PASS,final_precharge,DEC2,settled_max_v,,0.18000000000000002,False
fast_ctl001_a0_to_2_p2100,,,0.00023773344166695557,,,,PASS,final_precharge,DEC2,settled_min_v,-0.18000000000000002,,False
fast_ctl001_a0_to_2_p2100,,,0.000235530825229183,,,,PASS,final_precharge,DEC3,settled_max_v,,0.18000000000000002,False
fast_ctl001_a0_to_2_p2100,,,0.0002348535522293059,,,,PASS,final_precharge,DEC3,settled_min_v,-0.18000000000000002,,False
fast_ctl001_a0_to_2_p2100,,,0.00015123917553212595,,,,PASS,final_precharge,WL0,settled_max_v,,0.18000000000000002,False
fast_ctl001_a0_to_2_p2100,,,0.00015123907095292638,,,,PASS,final_precharge,WL0,settled_min_v,-0.18000000000000002,,False
fast_ctl001_a0_to_2_p2100,,,0.00015123916453066972,,,,PASS,final_precharge,WL1,settled_max_v,,0.18000000000000002,False
fast_ctl001_a0_to_2_p2100,,,0.00015123904295957015,,,,PASS,final_precharge,WL1,settled_min_v,-0.18000000000000002,,False
fast_ctl001_a0_to_2_p2100,,,0.00015127695352001606,,,,PASS,final_precharge,WL2,settled_max_v,,0.18000000000000002,False
fast_ctl001_a0_to_2_p2100,,,0.00015123885273673785,,,,PASS,final_precharge,WL2,settled_min_v,-0.18000000000000002,,False
fast_ctl001_a0_to_2_p2100,,,0.00015123917747929358,,,,PASS,final_precharge,WL3,settled_max_v,,0.18000000000000002,False
fast_ctl001_a0_to_2_p2100,,,0.0001512390746781346,,,,PASS,final_precharge,WL3,settled_min_v,-0.18000000000000002,,False
fast_ctl001_a0_to_2_p2100,,,1.8000020699746782,,,,PASS,final_precharge,N0,end_level_v,1.62,1.9800000000000002,False
fast_ctl001_a0_to_2_p2100,,,1.7999917041390956,,,,PASS,final_precharge,N1,end_level_v,1.62,1.9800000000000002,False
fast_ctl001_a0_to_2_p2100,,,1.7987647135117624,,,,PASS,final_precharge,N2,end_level_v,1.62,1.9800000000000002,False
fast_ctl001_a0_to_2_p2100,,,1.799928363945396,,,,PASS,final_precharge,N3,end_level_v,1.62,1.9800000000000002,False
fast_ctl001_a0_to_2_p2100,,,1.8050724035625603,,,,PASS,pex_recovery,N0.N0.t2,dynamic_segment_level_v,1.62,1.9800000000000002,False
fast_ctl001_a0_to_2_p2100,,,1.80000206904423,,,,PASS,pex_final_precharge,N0.N0.t2,dynamic_segment_level_v,1.62,1.9800000000000002,False
fast_ctl001_a0_to_2_p2100,,,1.8052326719927696,,,,PASS,pex_recovery,N0.N0.n1,dynamic_segment_level_v,1.62,1.9800000000000002,False
fast_ctl001_a0_to_2_p2100,,,1.8000020460467723,,,,PASS,pex_final_precharge,N0.N0.n1,dynamic_segment_level_v,1.62,1.9800000000000002,False
fast_ctl001_a0_to_2_p2100,,,1.8052227252595026,,,,PASS,pex_recovery,N0.N0.t0,dynamic_segment_level_v,1.62,1.9800000000000002,False
fast_ctl001_a0_to_2_p2100,,,1.800002044795292,,,,PASS,pex_final_precharge,N0.N0.t0,dynamic_segment_level_v,1.62,1.9800000000000002,False
fast_ctl001_a0_to_2_p2100,,,1.8057220601456632,,,,PASS,pex_recovery,N0.N0.t1,dynamic_segment_level_v,1.62,1.9800000000000002,False
fast_ctl001_a0_to_2_p2100,,,1.8000011742949522,,,,PASS,pex_final_precharge,N0.N0.t1,dynamic_segment_level_v,1.62,1.9800000000000002,False
fast_ctl001_a0_to_2_p2100,,,1.8050574673588942,,,,PASS,pex_recovery,N0.N0,dynamic_segment_level_v,1.62,1.9800000000000002,False
fast_ctl001_a0_to_2_p2100,,,1.8000020699746782,,,,PASS,pex_final_precharge,N0.N0,dynamic_segment_level_v,1.62,1.9800000000000002,False
fast_ctl001_a0_to_2_p2100,,,1.8052206134284632,,,,PASS,pex_recovery,N0.N0.n0,dynamic_segment_level_v,1.62,1.9800000000000002,False
fast_ctl001_a0_to_2_p2100,,,1.8000020672039725,,,,PASS,pex_final_precharge,N0.N0.n0,dynamic_segment_level_v,1.62,1.9800000000000002,False
fast_ctl001_a0_to_2_p2100,,,1.8050574673588942,,,,PASS,pex_recovery,N0.N0.t3,dynamic_segment_level_v,1.62,1.9800000000000002,False
fast_ctl001_a0_to_2_p2100,,,1.8000020699746782,,,,PASS,pex_final_precharge,N0.N0.t3,dynamic_segment_level_v,1.62,1.9800000000000002,False
fast_ctl001_a0_to_2_p2100,,,1.8052073229739534,,,,PASS,pex_recovery,N1.N1.t3,dynamic_segment_level_v,1.62,1.9800000000000002,False
fast_ctl001_a0_to_2_p2100,,,1.7999917041390956,,,,PASS,pex_final_precharge,N1.N1.t3,dynamic_segment_level_v,1.62,1.9800000000000002,False
fast_ctl001_a0_to_2_p2100,,,1.8053752121814268,,,,PASS,pex_recovery,N1.N1.n0,dynamic_segment_level_v,1.62,1.9800000000000002,False
fast_ctl001_a0_to_2_p2100,,,1.7999917026648766,,,,PASS,pex_final_precharge,N1.N1.n0,dynamic_segment_level_v,1.62,1.9800000000000002,False
fast_ctl001_a0_to_2_p2100,,,1.8052227903531288,,,,PASS,pex_recovery,N1.N1.t2,dynamic_segment_level_v,1.62,1.9800000000000002,False
fast_ctl001_a0_to_2_p2100,,,1.7999917030699946,,,,PASS,pex_final_precharge,N1.N1.t2,dynamic_segment_level_v,1.62,1.9800000000000002,False
fast_ctl001_a0_to_2_p2100,,,1.8058658533499814,,,,PASS,pex_recovery,N1.N1.t1,dynamic_segment_level_v,1.62,1.9800000000000002,False
fast_ctl001_a0_to_2_p2100,,,1.7999912468998687,,,,PASS,pex_final_precharge,N1.N1.t1,dynamic_segment_level_v,1.62,1.9800000000000002,False
fast_ctl001_a0_to_2_p2100,,,1.8052073229739534,,,,PASS,pex_recovery,N1.N1,dynamic_segment_level_v,1.62,1.9800000000000002,False
fast_ctl001_a0_to_2_p2100,,,1.7999917041390956,,,,PASS,pex_final_precharge,N1.N1,dynamic_segment_level_v,1.62,1.9800000000000002,False
fast_ctl001_a0_to_2_p2100,,,1.8053869921748251,,,,PASS,pex_recovery,N1.N1.n1,dynamic_segment_level_v,1.62,1.9800000000000002,False
fast_ctl001_a0_to_2_p2100,,,1.7999916917958,,,,PASS,pex_final_precharge,N1.N1.n1,dynamic_segment_level_v,1.62,1.9800000000000002,False
fast_ctl001_a0_to_2_p2100,,,1.8053765300670925,,,,PASS,pex_recovery,N1.N1.t0,dynamic_segment_level_v,1.62,1.9800000000000002,False
fast_ctl001_a0_to_2_p2100,,,1.7999916904719058,,,,PASS,pex_final_precharge,N1.N1.t0,dynamic_segment_level_v,1.62,1.9800000000000002,False
fast_ctl001_a0_to_2_p2100,,,1.8053776715648473,,,,PASS,pex_recovery,N2.N2.t2,dynamic_segment_level_v,1.62,1.9800000000000002,False
fast_ctl001_a0_to_2_p2100,,,1.798764736204068,,,,PASS,pex_final_precharge,N2.N2.t2,dynamic_segment_level_v,1.62,1.9800000000000002,False
fast_ctl001_a0_to_2_p2100,,,1.8055484198486338,,,,PASS,pex_recovery,N2.N2.n1,dynamic_segment_level_v,1.62,1.9800000000000002,False
fast_ctl001_a0_to_2_p2100,,,1.798765000802527,,,,PASS,pex_final_precharge,N2.N2.n1,dynamic_segment_level_v,1.62,1.9800000000000002,False
fast_ctl001_a0_to_2_p2100,,,1.8053626123389686,,,,PASS,pex_recovery,N2.N2,dynamic_segment_level_v,1.62,1.9800000000000002,False
fast_ctl001_a0_to_2_p2100,,,1.7987647135117624,,,,PASS,pex_final_precharge,N2.N2,dynamic_segment_level_v,1.62,1.9800000000000002,False
fast_ctl001_a0_to_2_p2100,,,1.8053626123389686,,,,PASS,pex_recovery,N2.N2.t3,dynamic_segment_level_v,1.62,1.9800000000000002,False
fast_ctl001_a0_to_2_p2100,,,1.7987647135117624,,,,PASS,pex_final_precharge,N2.N2.t3,dynamic_segment_level_v,1.62,1.9800000000000002,False
fast_ctl001_a0_to_2_p2100,,,1.8055369469812075,,,,PASS,pex_recovery,N2.N2.n0,dynamic_segment_level_v,1.62,1.9800000000000002,False
fast_ctl001_a0_to_2_p2100,,,1.798764995986524,,,,PASS,pex_final_precharge,N2.N2.n0,dynamic_segment_level_v,1.62,1.9800000000000002,False
fast_ctl001_a0_to_2_p2100,,,1.8060155699824185,,,,PASS,pex_recovery,N2.N2.t1,dynamic_segment_level_v,1.62,1.9800000000000002,False
fast_ctl001_a0_to_2_p2100,,,1.7988573528156546,,,,PASS,pex_final_precharge,N2.N2.t1,dynamic_segment_level_v,1.62,1.9800000000000002,False
fast_ctl001_a0_to_2_p2100,,,1.8055371448824051,,,,PASS,pex_recovery,N2.N2.t0,dynamic_segment_level_v,1.62,1.9800000000000002,False
fast_ctl001_a0_to_2_p2100,,,1.79874432090967,,,,PASS,pex_final_precharge,N2.N2.t0,dynamic_segment_level_v,1.62,1.9800000000000002,False
fast_ctl001_a0_to_2_p2100,,,1.8038793944497094,,,,PASS,pex_recovery,N3.N3.t0,dynamic_segment_level_v,1.62,1.9800000000000002,False
fast_ctl001_a0_to_2_p2100,,,1.7999274145342108,,,,PASS,pex_final_precharge,N3.N3.t0,dynamic_segment_level_v,1.62,1.9800000000000002,False
fast_ctl001_a0_to_2_p2100,,,1.803894123280298,,,,PASS,pex_recovery,N3.N3.n0,dynamic_segment_level_v,1.62,1.9800000000000002,False
fast_ctl001_a0_to_2_p2100,,,1.7999283670161836,,,,PASS,pex_final_precharge,N3.N3.n0,dynamic_segment_level_v,1.62,1.9800000000000002,False
fast_ctl001_a0_to_2_p2100,,,1.8039067426543067,,,,PASS,pex_recovery,N3.N3.n1,dynamic_segment_level_v,1.62,1.9800000000000002,False
fast_ctl001_a0_to_2_p2100,,,1.7999283589404667,,,,PASS,pex_final_precharge,N3.N3.n1,dynamic_segment_level_v,1.62,1.9800000000000002,False
fast_ctl001_a0_to_2_p2100,,,1.8037499324090736,,,,PASS,pex_recovery,N3.N3.t2,dynamic_segment_level_v,1.62,1.9800000000000002,False
fast_ctl001_a0_to_2_p2100,,,1.799928363126456,,,,PASS,pex_final_precharge,N3.N3.t2,dynamic_segment_level_v,1.62,1.9800000000000002,False
fast_ctl001_a0_to_2_p2100,,,1.804498656390563,,,,PASS,pex_recovery,N3.N3.t1,dynamic_segment_level_v,1.62,1.9800000000000002,False
fast_ctl001_a0_to_2_p2100,,,1.7999322353683116,,,,PASS,pex_final_precharge,N3.N3.t1,dynamic_segment_level_v,1.62,1.9800000000000002,False
fast_ctl001_a0_to_2_p2100,,,1.8037381791518745,,,,PASS,pex_recovery,N3.N3.t3,dynamic_segment_level_v,1.62,1.9800000000000002,False
fast_ctl001_a0_to_2_p2100,,,1.799928363945396,,,,PASS,pex_final_precharge,N3.N3.t3,dynamic_segment_level_v,1.62,1.9800000000000002,False
fast_ctl001_a0_to_2_p2100,,,1.8037381791518745,,,,PASS,pex_recovery,N3.N3,dynamic_segment_level_v,1.62,1.9800000000000002,False
fast_ctl001_a0_to_2_p2100,,,1.799928363945396,,,,PASS,pex_final_precharge,N3.N3,dynamic_segment_level_v,1.62,1.9800000000000002,False
fast_ctl001_a0_to_3_p2100,001,access_precharge_release_before_pclk_ps,334.2408093730537,ps,0,,PASS,,,,,,
fast_ctl001_a0_to_3_p2100,001,access_precharge_reassert_after_pclk_fall_ps,2263.9141603378234,ps,0,,PASS,,,,,,
fast_ctl001_a0_to_3_p2100,001,access_PRECH_high_at_PCLK_rise_v,1.7397369627179038,V,1.62,,PASS,,,,,,
fast_ctl001_a0_to_3_p2100,001,access_selected_WL_off_before_PRECH_conduction_ps,1204.5631272623423,ps,0,,PASS,,,,,,
fast_ctl001_a0_to_3_p2100,001,access_WL0_max_while_PRECH_active_v,0.0001512390361140933,V,,0.18000000000000002,PASS,,,,,,
fast_ctl001_a0_to_3_p2100,001,access_WL1_max_while_PRECH_active_v,0.0001512390121988204,V,,0.18000000000000002,PASS,,,,,,
fast_ctl001_a0_to_3_p2100,001,access_WL2_max_while_PRECH_active_v,0.0001512389739492873,V,,0.18000000000000002,PASS,,,,,,
fast_ctl001_a0_to_3_p2100,001,access_WL3_max_while_PRECH_active_v,0.00021858479711761317,V,,0.18000000000000002,PASS,,,,,,
fast_ctl001_a0_to_3_p2100,001,access_BL0_precharged_before_eval_v,1.8084138919553348,V,1.62,,PASS,,,,,,
fast_ctl001_a0_to_3_p2100,001,access_BLB0_precharged_before_eval_v,1.8078224121662914,V,1.62,,PASS,,,,,,
fast_ctl001_a0_to_3_p2100,001,access_BL1_precharged_before_eval_v,1.808413891955334,V,1.62,,PASS,,,,,,
fast_ctl001_a0_to_3_p2100,001,access_BLB1_precharged_before_eval_v,1.8078224121662885,V,1.62,,PASS,,,,,,
fast_ctl001_a0_to_3_p2100,001,access_BL2_precharged_before_eval_v,1.8084138919553225,V,1.62,,PASS,,,,,,
fast_ctl001_a0_to_3_p2100,001,access_BLB2_precharged_before_eval_v,1.807822412166274,V,1.62,,PASS,,,,,,
fast_ctl001_a0_to_3_p2100,001,access_BL3_precharged_before_eval_v,1.808413891955353,V,1.62,,PASS,,,,,,
fast_ctl001_a0_to_3_p2100,001,access_BLB3_precharged_before_eval_v,1.8078224121662891,V,1.62,,PASS,,,,,,
fast_ctl001_a0_to_3_p2100,001,access_BL4_precharged_before_eval_v,1.8084138919553339,V,1.62,,PASS,,,,,,
fast_ctl001_a0_to_3_p2100,001,access_BLB4_precharged_before_eval_v,1.8078224121662942,V,1.62,,PASS,,,,,,
fast_ctl001_a0_to_3_p2100,001,access_BL5_precharged_before_eval_v,1.8084138919553217,V,1.62,,PASS,,,,,,
fast_ctl001_a0_to_3_p2100,001,access_BLB5_precharged_before_eval_v,1.8078224121662951,V,1.62,,PASS,,,,,,
fast_ctl001_a0_to_3_p2100,001,access_BL6_precharged_before_eval_v,1.8084138919553185,V,1.62,,PASS,,,,,,
fast_ctl001_a0_to_3_p2100,001,access_BLB6_precharged_before_eval_v,1.8078224121662818,V,1.62,,PASS,,,,,,
fast_ctl001_a0_to_3_p2100,001,access_BL7_precharged_before_eval_v,1.8084138919553185,V,1.62,,PASS,,,,,,
fast_ctl001_a0_to_3_p2100,001,access_BLB7_precharged_before_eval_v,1.8078224121662831,V,1.62,,PASS,,,,,,
fast_ctl001_a0_to_3_p2100,001,final_BL0_precharged_v,1.7998902244814172,V,1.62,,PASS,,,,,,
fast_ctl001_a0_to_3_p2100,001,final_BLB0_precharged_v,1.7998902222699678,V,1.62,,PASS,,,,,,
fast_ctl001_a0_to_3_p2100,001,final_BL1_precharged_v,1.799890224481412,V,1.62,,PASS,,,,,,
fast_ctl001_a0_to_3_p2100,001,final_BLB1_precharged_v,1.7998902222699695,V,1.62,,PASS,,,,,,
fast_ctl001_a0_to_3_p2100,001,final_BL2_precharged_v,1.799890224481395,V,1.62,,PASS,,,,,,
fast_ctl001_a0_to_3_p2100,001,final_BLB2_precharged_v,1.7998902222699589,V,1.62,,PASS,,,,,,
fast_ctl001_a0_to_3_p2100,001,final_BL3_precharged_v,1.799890224481416,V,1.62,,PASS,,,,,,
fast_ctl001_a0_to_3_p2100,001,final_BLB3_precharged_v,1.7998902222699744,V,1.62,,PASS,,,,,,
fast_ctl001_a0_to_3_p2100,001,final_BL4_precharged_v,1.7998902244814183,V,1.62,,PASS,,,,,,
fast_ctl001_a0_to_3_p2100,001,final_BLB4_precharged_v,1.799890222269975,V,1.62,,PASS,,,,,,
fast_ctl001_a0_to_3_p2100,001,final_BL5_precharged_v,1.7998902244814134,V,1.62,,PASS,,,,,,
fast_ctl001_a0_to_3_p2100,001,final_BLB5_precharged_v,1.799890222269973,V,1.62,,PASS,,,,,,
fast_ctl001_a0_to_3_p2100,001,final_BL6_precharged_v,1.799890224481414,V,1.62,,PASS,,,,,,
fast_ctl001_a0_to_3_p2100,001,final_BLB6_precharged_v,1.7998902222699678,V,1.62,,PASS,,,,,,
fast_ctl001_a0_to_3_p2100,001,final_BL7_precharged_v,1.7998902244814123,V,1.62,,PASS,,,,,,
fast_ctl001_a0_to_3_p2100,001,final_BLB7_precharged_v,1.7998902222699678,V,1.62,,PASS,,,,,,
fast_ctl001_a0_to_3_p2100,,,0.002052795659535138,,,,PASS,test,DEC0,upper_excursion_v,,1.9800000000000002,False
fast_ctl001_a0_to_3_p2100,,,-0.000619712611305732,,,,PASS,test,DEC0,lower_excursion_v,-0.18000000000000002,,False
fast_ctl001_a0_to_3_p2100,,,-0.000619712611305732,,,,PASS,test,DEC0,end_level_v,-0.18000000000000002,0.18000000000000002,False
fast_ctl001_a0_to_3_p2100,,,0.002052795659535138,,,,PASS,test,DEC0,unselected_max_v,,0.18000000000000002,False
fast_ctl001_a0_to_3_p2100,,,0.0027306387770121283,,,,PASS,test,DEC1,upper_excursion_v,,1.9800000000000002,False
fast_ctl001_a0_to_3_p2100,,,-0.0007257292732317125,,,,PASS,test,DEC1,lower_excursion_v,-0.18000000000000002,,False
fast_ctl001_a0_to_3_p2100,,,-0.0007257292732317125,,,,PASS,test,DEC1,end_level_v,-0.18000000000000002,0.18000000000000002,False
fast_ctl001_a0_to_3_p2100,,,0.0027306387770121283,,,,PASS,test,DEC1,unselected_max_v,,0.18000000000000002,False
fast_ctl001_a0_to_3_p2100,,,0.0030169405665368167,,,,PASS,test,DEC2,upper_excursion_v,,1.9800000000000002,False
fast_ctl001_a0_to_3_p2100,,,-0.0006531006136929082,,,,PASS,test,DEC2,lower_excursion_v,-0.18000000000000002,,False
fast_ctl001_a0_to_3_p2100,,,-0.0006531006136929082,,,,PASS,test,DEC2,end_level_v,-0.18000000000000002,0.18000000000000002,False
fast_ctl001_a0_to_3_p2100,,,0.0030169405665368167,,,,PASS,test,DEC2,unselected_max_v,,0.18000000000000002,False
fast_ctl001_a0_to_3_p2100,,,1.8002645292540476,,,,PASS,test,DEC3,upper_excursion_v,,1.9800000000000002,False
fast_ctl001_a0_to_3_p2100,,,-0.014912908398608413,,,,PASS,test,DEC3,lower_excursion_v,-0.18000000000000002,,False
fast_ctl001_a0_to_3_p2100,,,1.7991905562552346,,,,PASS,test,DEC3,end_level_v,1.62,1.9800000000000002,False
fast_ctl001_a0_to_3_p2100,,,1.7991905562552346,,,,PASS,test,DEC3,settled_min_v,1.62,,False
fast_ctl001_a0_to_3_p2100,,,0.00015284147626024028,,,,PASS,test,WL0,upper_excursion_v,,1.9800000000000002,False
fast_ctl001_a0_to_3_p2100,,,0.0001498973998667495,,,,PASS,test,WL0,lower_excursion_v,-0.18000000000000002,,False
fast_ctl001_a0_to_3_p2100,,,0.0001498973998667495,,,,PASS,test,WL0,end_level_v,-0.18000000000000002,0.18000000000000002,False
fast_ctl001_a0_to_3_p2100,,,0.00015284147626024028,,,,PASS,test,WL0,unselected_max_v,,0.18000000000000002,False
fast_ctl001_a0_to_3_p2100,,,0.00015315667963468173,,,,PASS,test,WL1,upper_excursion_v,,1.9800000000000002,False
fast_ctl001_a0_to_3_p2100,,,0.00014964346729953764,,,,PASS,test,WL1,lower_excursion_v,-0.18000000000000002,,False
fast_ctl001_a0_to_3_p2100,,,0.00014964346729953764,,,,PASS,test,WL1,end_level_v,-0.18000000000000002,0.18000000000000002,False
fast_ctl001_a0_to_3_p2100,,,0.00015315667963468173,,,,PASS,test,WL1,unselected_max_v,,0.18000000000000002,False
fast_ctl001_a0_to_3_p2100,,,0.00015395387328263186,,,,PASS,test,WL2,upper_excursion_v,,1.9800000000000002,False
fast_ctl001_a0_to_3_p2100,,,0.0001495798808640654,,,,PASS,test,WL2,lower_excursion_v,-0.18000000000000002,,False
fast_ctl001_a0_to_3_p2100,,,0.00014969245039154648,,,,PASS,test,WL2,end_level_v,-0.18000000000000002,0.18000000000000002,False
fast_ctl001_a0_to_3_p2100,,,0.00015395387328263186,,,,PASS,test,WL2,unselected_max_v,,0.18000000000000002,False
fast_ctl001_a0_to_3_p2100,,,1.7998165314980115,,,,PASS,test,WL3,upper_excursion_v,,1.9800000000000002,False
fast_ctl001_a0_to_3_p2100,,,-0.001429062425559625,,,,PASS,test,WL3,lower_excursion_v,-0.18000000000000002,,False
fast_ctl001_a0_to_3_p2100,,,1.7998165314980115,,,,PASS,test,WL3,end_level_v,1.62,1.9800000000000002,False
fast_ctl001_a0_to_3_p2100,,,1.791771595036307,,,,PASS,test,WL3,settled_min_v,1.62,,False
fast_ctl001_a0_to_3_p2100,,,0.000690555198595202,,,,PASS,recovery,DEC0,end_level_v,-0.18000000000000002,0.18000000000000002,False
fast_ctl001_a0_to_3_p2100,,,0.0012996480176968445,,,,PASS,recovery,DEC0,settled_max_v,,0.18000000000000002,False
fast_ctl001_a0_to_3_p2100,,,0.0007593206392843869,,,,PASS,recovery,DEC1,end_level_v,-0.18000000000000002,0.18000000000000002,False
fast_ctl001_a0_to_3_p2100,,,0.001888252467881131,,,,PASS,recovery,DEC1,settled_max_v,,0.18000000000000002,False
fast_ctl001_a0_to_3_p2100,,,0.0007477323701856071,,,,PASS,recovery,DEC2,end_level_v,-0.18000000000000002,0.18000000000000002,False
fast_ctl001_a0_to_3_p2100,,,0.0015283363831826676,,,,PASS,recovery,DEC2,settled_max_v,,0.18000000000000002,False
fast_ctl001_a0_to_3_p2100,,,0.0005755053926576572,,,,PASS,recovery,DEC3,end_level_v,-0.18000000000000002,0.18000000000000002,False
fast_ctl001_a0_to_3_p2100,,,0.002009209494352243,,,,PASS,recovery,DEC3,settled_max_v,,0.18000000000000002,False
fast_ctl001_a0_to_3_p2100,,,0.00015196092923213582,,,,PASS,recovery,WL0,end_level_v,-0.18000000000000002,0.18000000000000002,False
fast_ctl001_a0_to_3_p2100,,,0.00015264049349625073,,,,PASS,recovery,WL0,settled_max_v,,0.18000000000000002,False
fast_ctl001_a0_to_3_p2100,,,0.00015206369087392453,,,,PASS,recovery,WL1,end_level_v,-0.18000000000000002,0.18000000000000002,False
fast_ctl001_a0_to_3_p2100,,,0.00015306054838507948,,,,PASS,recovery,WL1,settled_max_v,,0.18000000000000002,False
fast_ctl001_a0_to_3_p2100,,,0.00015203047999780986,,,,PASS,recovery,WL2,end_level_v,-0.18000000000000002,0.18000000000000002,False
fast_ctl001_a0_to_3_p2100,,,0.00015265257087566952,,,,PASS,recovery,WL2,settled_max_v,,0.18000000000000002,False
fast_ctl001_a0_to_3_p2100,,,0.00015175730244106948,,,,PASS,recovery,WL3,end_level_v,-0.18000000000000002,0.18000000000000002,False
fast_ctl001_a0_to_3_p2100,,,0.00015300079820554935,,,,PASS,recovery,WL3,settled_max_v,,0.18000000000000002,False
fast_ctl001_a0_to_3_p2100,,,1.8050805037605298,,,,PASS,recovery,N0,end_level_v,1.62,1.9800000000000002,False
fast_ctl001_a0_to_3_p2100,,,1.8052307501846445,,,,PASS,recovery,N1,end_level_v,1.62,1.9800000000000002,False
fast_ctl001_a0_to_3_p2100,,,1.8044265044533736,,,,PASS,recovery,N2,end_level_v,1.62,1.9800000000000002,False
fast_ctl001_a0_to_3_p2100,,,1.803853092583524,,,,PASS,recovery,N3,end_level_v,1.62,1.9800000000000002,False
fast_ctl001_a0_to_3_p2100,,,0.00022857127303830386,,,,PASS,final_precharge,DEC0,settled_max_v,,0.18000000000000002,False
fast_ctl001_a0_to_3_p2100,,,0.00022783388647498737,,,,PASS,final_precharge,DEC0,settled_min_v,-0.18000000000000002,,False
fast_ctl001_a0_to_3_p2100,,,0.00023179105951439172,,,,PASS,final_precharge,DEC1,settled_max_v,,0.18000000000000002,False
fast_ctl001_a0_to_3_p2100,,,0.00023097084496586425,,,,PASS,final_precharge,DEC1,settled_min_v,-0.18000000000000002,,False
fast_ctl001_a0_to_3_p2100,,,0.00023490255065672244,,,,PASS,final_precharge,DEC2,settled_max_v,,0.18000000000000002,False
fast_ctl001_a0_to_3_p2100,,,0.00023395061218683242,,,,PASS,final_precharge,DEC2,settled_min_v,-0.18000000000000002,,False
fast_ctl001_a0_to_3_p2100,,,0.0002412903637764751,,,,PASS,final_precharge,DEC3,settled_max_v,,0.18000000000000002,False
fast_ctl001_a0_to_3_p2100,,,0.00023807241005985953,,,,PASS,final_precharge,DEC3,settled_min_v,-0.18000000000000002,,False
fast_ctl001_a0_to_3_p2100,,,0.0001512391712410789,,,,PASS,final_precharge,WL0,settled_max_v,,0.18000000000000002,False
fast_ctl001_a0_to_3_p2100,,,0.00015123905757064775,,,,PASS,final_precharge,WL0,settled_min_v,-0.18000000000000002,,False
fast_ctl001_a0_to_3_p2100,,,0.00015123916218871502,,,,PASS,final_precharge,WL1,settled_max_v,,0.18000000000000002,False
fast_ctl001_a0_to_3_p2100,,,0.0001512390359932677,,,,PASS,final_precharge,WL1,settled_min_v,-0.18000000000000002,,False
fast_ctl001_a0_to_3_p2100,,,0.00015123914760061986,,,,PASS,final_precharge,WL2,settled_max_v,,0.18000000000000002,False
fast_ctl001_a0_to_3_p2100,,,0.00015123900160099582,,,,PASS,final_precharge,WL2,settled_min_v,-0.18000000000000002,,False
fast_ctl001_a0_to_3_p2100,,,0.00015127683687318584,,,,PASS,final_precharge,WL3,settled_max_v,,0.18000000000000002,False
fast_ctl001_a0_to_3_p2100,,,0.00015123886390562563,,,,PASS,final_precharge,WL3,settled_min_v,-0.18000000000000002,,False
fast_ctl001_a0_to_3_p2100,,,1.7999938116252618,,,,PASS,final_precharge,N0,end_level_v,1.62,1.9800000000000002,False
fast_ctl001_a0_to_3_p2100,,,1.8000009424458996,,,,PASS,final_precharge,N1,end_level_v,1.62,1.9800000000000002,False
fast_ctl001_a0_to_3_p2100,,,1.7999322238637756,,,,PASS,final_precharge,N2,end_level_v,1.62,1.9800000000000002,False
fast_ctl001_a0_to_3_p2100,,,1.7987449226500511,,,,PASS,final_precharge,N3,end_level_v,1.62,1.9800000000000002,False
fast_ctl001_a0_to_3_p2100,,,1.8050953960186467,,,,PASS,pex_recovery,N0.N0.t2,dynamic_segment_level_v,1.62,1.9800000000000002,False
fast_ctl001_a0_to_3_p2100,,,1.7999938108560931,,,,PASS,pex_final_precharge,N0.N0.t2,dynamic_segment_level_v,1.62,1.9800000000000002,False
fast_ctl001_a0_to_3_p2100,,,1.8052565754603567,,,,PASS,pex_recovery,N0.N0.n1,dynamic_segment_level_v,1.62,1.9800000000000002,False
fast_ctl001_a0_to_3_p2100,,,1.7999938055412505,,,,PASS,pex_final_precharge,N0.N0.n1,dynamic_segment_level_v,1.62,1.9800000000000002,False
fast_ctl001_a0_to_3_p2100,,,1.8052465745678383,,,,PASS,pex_recovery,N0.N0.t0,dynamic_segment_level_v,1.62,1.9800000000000002,False
fast_ctl001_a0_to_3_p2100,,,1.79999380418112,,,,PASS,pex_final_precharge,N0.N0.t0,dynamic_segment_level_v,1.62,1.9800000000000002,False
fast_ctl001_a0_to_3_p2100,,,1.805749852307363,,,,PASS,pex_recovery,N0.N0.t1,dynamic_segment_level_v,1.62,1.9800000000000002,False
fast_ctl001_a0_to_3_p2100,,,1.7999935923858388,,,,PASS,pex_final_precharge,N0.N0.t1,dynamic_segment_level_v,1.62,1.9800000000000002,False
fast_ctl001_a0_to_3_p2100,,,1.8050805037605298,,,,PASS,pex_recovery,N0.N0,dynamic_segment_level_v,1.62,1.9800000000000002,False
fast_ctl001_a0_to_3_p2100,,,1.7999938116252618,,,,PASS,pex_final_precharge,N0.N0,dynamic_segment_level_v,1.62,1.9800000000000002,False
fast_ctl001_a0_to_3_p2100,,,1.8052444219473467,,,,PASS,pex_recovery,N0.N0.n0,dynamic_segment_level_v,1.62,1.9800000000000002,False
fast_ctl001_a0_to_3_p2100,,,1.7999938108263593,,,,PASS,pex_final_precharge,N0.N0.n0,dynamic_segment_level_v,1.62,1.9800000000000002,False
fast_ctl001_a0_to_3_p2100,,,1.8050805037605298,,,,PASS,pex_recovery,N0.N0.t3,dynamic_segment_level_v,1.62,1.9800000000000002,False
fast_ctl001_a0_to_3_p2100,,,1.7999938116252618,,,,PASS,pex_final_precharge,N0.N0.t3,dynamic_segment_level_v,1.62,1.9800000000000002,False
fast_ctl001_a0_to_3_p2100,,,1.8052307501846445,,,,PASS,pex_recovery,N1.N1.t3,dynamic_segment_level_v,1.62,1.9800000000000002,False
fast_ctl001_a0_to_3_p2100,,,1.8000009424458996,,,,PASS,pex_final_precharge,N1.N1.t3,dynamic_segment_level_v,1.62,1.9800000000000002,False
fast_ctl001_a0_to_3_p2100,,,1.8053996589249866,,,,PASS,pex_recovery,N1.N1.n0,dynamic_segment_level_v,1.62,1.9800000000000002,False
fast_ctl001_a0_to_3_p2100,,,1.8000009389221572,,,,PASS,pex_final_precharge,N1.N1.n0,dynamic_segment_level_v,1.62,1.9800000000000002,False
fast_ctl001_a0_to_3_p2100,,,1.8052462189563168,,,,PASS,pex_recovery,N1.N1.t2,dynamic_segment_level_v,1.62,1.9800000000000002,False
fast_ctl001_a0_to_3_p2100,,,1.8000009411844184,,,,PASS,pex_final_precharge,N1.N1.t2,dynamic_segment_level_v,1.62,1.9800000000000002,False
fast_ctl001_a0_to_3_p2100,,,1.8058941276278826,,,,PASS,pex_recovery,N1.N1.t1,dynamic_segment_level_v,1.62,1.9800000000000002,False
fast_ctl001_a0_to_3_p2100,,,1.7999997982228337,,,,PASS,pex_final_precharge,N1.N1.t1,dynamic_segment_level_v,1.62,1.9800000000000002,False
fast_ctl001_a0_to_3_p2100,,,1.8052307501846445,,,,PASS,pex_recovery,N1.N1,dynamic_segment_level_v,1.62,1.9800000000000002,False
fast_ctl001_a0_to_3_p2100,,,1.8000009424458996,,,,PASS,pex_final_precharge,N1.N1,dynamic_segment_level_v,1.62,1.9800000000000002,False
fast_ctl001_a0_to_3_p2100,,,1.8054115301737426,,,,PASS,pex_recovery,N1.N1.n1,dynamic_segment_level_v,1.62,1.9800000000000002,False
fast_ctl001_a0_to_3_p2100,,,1.8000009119341522,,,,PASS,pex_final_precharge,N1.N1.n1,dynamic_segment_level_v,1.62,1.9800000000000002,False
fast_ctl001_a0_to_3_p2100,,,1.8054009964388362,,,,PASS,pex_recovery,N1.N1.t0,dynamic_segment_level_v,1.62,1.9800000000000002,False
fast_ctl001_a0_to_3_p2100,,,1.8000009107169992,,,,PASS,pex_final_precharge,N1.N1.t0,dynamic_segment_level_v,1.62,1.9800000000000002,False
fast_ctl001_a0_to_3_p2100,,,1.8044416445126215,,,,PASS,pex_recovery,N2.N2.t2,dynamic_segment_level_v,1.62,1.9800000000000002,False
fast_ctl001_a0_to_3_p2100,,,1.799932222772633,,,,PASS,pex_final_precharge,N2.N2.t2,dynamic_segment_level_v,1.62,1.9800000000000002,False
fast_ctl001_a0_to_3_p2100,,,1.8046135965750585,,,,PASS,pex_recovery,N2.N2.n1,dynamic_segment_level_v,1.62,1.9800000000000002,False
fast_ctl001_a0_to_3_p2100,,,1.7999322131891746,,,,PASS,pex_final_precharge,N2.N2.n1,dynamic_segment_level_v,1.62,1.9800000000000002,False
fast_ctl001_a0_to_3_p2100,,,1.8044265044533736,,,,PASS,pex_recovery,N2.N2,dynamic_segment_level_v,1.62,1.9800000000000002,False
fast_ctl001_a0_to_3_p2100,,,1.7999322238637756,,,,PASS,pex_final_precharge,N2.N2,dynamic_segment_level_v,1.62,1.9800000000000002,False
fast_ctl001_a0_to_3_p2100,,,1.8044265044533736,,,,PASS,pex_recovery,N2.N2.t3,dynamic_segment_level_v,1.62,1.9800000000000002,False
fast_ctl001_a0_to_3_p2100,,,1.7999322238637756,,,,PASS,pex_final_precharge,N2.N2.t3,dynamic_segment_level_v,1.62,1.9800000000000002,False
fast_ctl001_a0_to_3_p2100,,,1.8046021250406168,,,,PASS,pex_recovery,N2.N2.n0,dynamic_segment_level_v,1.62,1.9800000000000002,False
fast_ctl001_a0_to_3_p2100,,,1.79993222627271,,,,PASS,pex_final_precharge,N2.N2.n0,dynamic_segment_level_v,1.62,1.9800000000000002,False
fast_ctl001_a0_to_3_p2100,,,1.8051535534069003,,,,PASS,pex_recovery,N2.N2.t1,dynamic_segment_level_v,1.62,1.9800000000000002,False
fast_ctl001_a0_to_3_p2100,,,1.7999359572091636,,,,PASS,pex_final_precharge,N2.N2.t1,dynamic_segment_level_v,1.62,1.9800000000000002,False
fast_ctl001_a0_to_3_p2100,,,1.8045858835674358,,,,PASS,pex_recovery,N2.N2.t0,dynamic_segment_level_v,1.62,1.9800000000000002,False
fast_ctl001_a0_to_3_p2100,,,1.7999312519137418,,,,PASS,pex_final_precharge,N2.N2.t0,dynamic_segment_level_v,1.62,1.9800000000000002,False
fast_ctl001_a0_to_3_p2100,,,1.803996031755743,,,,PASS,pex_recovery,N3.N3.t0,dynamic_segment_level_v,1.62,1.9800000000000002,False
fast_ctl001_a0_to_3_p2100,,,1.798724291978529,,,,PASS,pex_final_precharge,N3.N3.t0,dynamic_segment_level_v,1.62,1.9800000000000002,False
fast_ctl001_a0_to_3_p2100,,,1.8040097958591512,,,,PASS,pex_recovery,N3.N3.n0,dynamic_segment_level_v,1.62,1.9800000000000002,False
fast_ctl001_a0_to_3_p2100,,,1.7987452115802094,,,,PASS,pex_final_precharge,N3.N3.n0,dynamic_segment_level_v,1.62,1.9800000000000002,False
fast_ctl001_a0_to_3_p2100,,,1.804022452859878,,,,PASS,pex_recovery,N3.N3.n1,dynamic_segment_level_v,1.62,1.9800000000000002,False
fast_ctl001_a0_to_3_p2100,,,1.7987452215229873,,,,PASS,pex_final_precharge,N3.N3.n1,dynamic_segment_level_v,1.62,1.9800000000000002,False
fast_ctl001_a0_to_3_p2100,,,1.8038648042957977,,,,PASS,pex_recovery,N3.N3.t2,dynamic_segment_level_v,1.62,1.9800000000000002,False
fast_ctl001_a0_to_3_p2100,,,1.7987449456740192,,,,PASS,pex_final_precharge,N3.N3.t2,dynamic_segment_level_v,1.62,1.9800000000000002,False
fast_ctl001_a0_to_3_p2100,,,1.8046115057408039,,,,PASS,pex_recovery,N3.N3.t1,dynamic_segment_level_v,1.62,1.9800000000000002,False
fast_ctl001_a0_to_3_p2100,,,1.7988388970547238,,,,PASS,pex_final_precharge,N3.N3.t1,dynamic_segment_level_v,1.62,1.9800000000000002,False
fast_ctl001_a0_to_3_p2100,,,1.803853092583524,,,,PASS,pex_recovery,N3.N3.t3,dynamic_segment_level_v,1.62,1.9800000000000002,False
fast_ctl001_a0_to_3_p2100,,,1.7987449226500511,,,,PASS,pex_final_precharge,N3.N3.t3,dynamic_segment_level_v,1.62,1.9800000000000002,False
fast_ctl001_a0_to_3_p2100,,,1.803853092583524,,,,PASS,pex_recovery,N3.N3,dynamic_segment_level_v,1.62,1.9800000000000002,False
fast_ctl001_a0_to_3_p2100,,,1.7987449226500511,,,,PASS,pex_final_precharge,N3.N3,dynamic_segment_level_v,1.62,1.9800000000000002,False
fast_ctl010_a0_to_0_p2100,010,access_precharge_release_before_pclk_ps,334.15415892077914,ps,0,,PASS,,,,,,
fast_ctl010_a0_to_0_p2100,010,access_precharge_reassert_after_pclk_fall_ps,2263.9876961247655,ps,0,,PASS,,,,,,
fast_ctl010_a0_to_0_p2100,010,access_PRECH_high_at_PCLK_rise_v,1.739699979685651,V,1.62,,PASS,,,,,,
fast_ctl010_a0_to_0_p2100,010,access_selected_WL_off_before_PRECH_conduction_ps,1204.3370951199076,ps,0,,PASS,,,,,,
fast_ctl010_a0_to_0_p2100,010,access_WL0_max_while_PRECH_active_v,0.00021988449057613402,V,,0.18000000000000002,PASS,,,,,,
fast_ctl010_a0_to_0_p2100,010,access_WL1_max_while_PRECH_active_v,0.00015123903123233422,V,,0.18000000000000002,PASS,,,,,,
fast_ctl010_a0_to_0_p2100,010,access_WL2_max_while_PRECH_active_v,0.00015123902130630357,V,,0.18000000000000002,PASS,,,,,,
fast_ctl010_a0_to_0_p2100,010,access_WL3_max_while_PRECH_active_v,0.000151239075525766,V,,0.18000000000000002,PASS,,,,,,
fast_ctl010_a0_to_0_p2100,010,access_BL0_precharged_before_eval_v,1.8084137844671895,V,1.62,,PASS,,,,,,
fast_ctl010_a0_to_0_p2100,010,access_BLB0_precharged_before_eval_v,1.8078223247335115,V,1.62,,PASS,,,,,,
fast_ctl010_a0_to_0_p2100,010,access_BL1_precharged_before_eval_v,1.8084137844672084,V,1.62,,PASS,,,,,,
fast_ctl010_a0_to_0_p2100,010,access_BLB1_precharged_before_eval_v,1.8078223247335092,V,1.62,,PASS,,,,,,
fast_ctl010_a0_to_0_p2100,010,access_BL2_precharged_before_eval_v,1.8084137844671975,V,1.62,,PASS,,,,,,
fast_ctl010_a0_to_0_p2100,010,access_BLB2_precharged_before_eval_v,1.8078223247335101,V,1.62,,PASS,,,,,,
fast_ctl010_a0_to_0_p2100,010,access_BL3_precharged_before_eval_v,1.8084137844672206,V,1.62,,PASS,,,,,,
fast_ctl010_a0_to_0_p2100,010,access_BLB3_precharged_before_eval_v,1.80782232473351,V,1.62,,PASS,,,,,,
fast_ctl010_a0_to_0_p2100,010,access_BL4_precharged_before_eval_v,1.8084137844672041,V,1.62,,PASS,,,,,,
fast_ctl010_a0_to_0_p2100,010,access_BLB4_precharged_before_eval_v,1.8078223247335112,V,1.62,,PASS,,,,,,
fast_ctl010_a0_to_0_p2100,010,access_BL5_precharged_before_eval_v,1.808413784467188,V,1.62,,PASS,,,,,,
fast_ctl010_a0_to_0_p2100,010,access_BLB5_precharged_before_eval_v,1.8078223247335117,V,1.62,,PASS,,,,,,
fast_ctl010_a0_to_0_p2100,010,access_BL6_precharged_before_eval_v,1.8084137844672008,V,1.62,,PASS,,,,,,
fast_ctl010_a0_to_0_p2100,010,access_BLB6_precharged_before_eval_v,1.8078223247335095,V,1.62,,PASS,,,,,,
fast_ctl010_a0_to_0_p2100,010,access_BL7_precharged_before_eval_v,1.8084137844672,V,1.62,,PASS,,,,,,
fast_ctl010_a0_to_0_p2100,010,access_BLB7_precharged_before_eval_v,1.8078223247335095,V,1.62,,PASS,,,,,,
fast_ctl010_a0_to_0_p2100,010,final_BL0_precharged_v,1.7998905184643352,V,1.62,,PASS,,,,,,
fast_ctl010_a0_to_0_p2100,010,final_BLB0_precharged_v,1.7998905156581597,V,1.62,,PASS,,,,,,
fast_ctl010_a0_to_0_p2100,010,final_BL1_precharged_v,1.799890518464332,V,1.62,,PASS,,,,,,
fast_ctl010_a0_to_0_p2100,010,final_BLB1_precharged_v,1.799890515658163,V,1.62,,PASS,,,,,,
fast_ctl010_a0_to_0_p2100,010,final_BL2_precharged_v,1.7998905184643168,V,1.62,,PASS,,,,,,
fast_ctl010_a0_to_0_p2100,010,final_BLB2_precharged_v,1.7998905156581566,V,1.62,,PASS,,,,,,
fast_ctl010_a0_to_0_p2100,010,final_BL3_precharged_v,1.7998905184643326,V,1.62,,PASS,,,,,,
fast_ctl010_a0_to_0_p2100,010,final_BLB3_precharged_v,1.7998905156581586,V,1.62,,PASS,,,,,,
fast_ctl010_a0_to_0_p2100,010,final_BL4_precharged_v,1.7998905184643341,V,1.62,,PASS,,,,,,
fast_ctl010_a0_to_0_p2100,010,final_BLB4_precharged_v,1.7998905156581597,V,1.62,,PASS,,,,,,
fast_ctl010_a0_to_0_p2100,010,final_BL5_precharged_v,1.7998905184643417,V,1.62,,PASS,,,,,,
fast_ctl010_a0_to_0_p2100,010,final_BLB5_precharged_v,1.7998905156581644,V,1.62,,PASS,,,,,,
fast_ctl010_a0_to_0_p2100,010,final_BL6_precharged_v,1.7998905184643375,V,1.62,,PASS,,,,,,
fast_ctl010_a0_to_0_p2100,010,final_BLB6_precharged_v,1.7998905156581668,V,1.62,,PASS,,,,,,
fast_ctl010_a0_to_0_p2100,010,final_BL7_precharged_v,1.7998905184643375,V,1.62,,PASS,,,,,,
fast_ctl010_a0_to_0_p2100,010,final_BLB7_precharged_v,1.7998905156581608,V,1.62,,PASS,,,,,,
fast_ctl010_a0_to_0_p2100,,,1.800253648037989,,,,PASS,test,DEC0,upper_excursion_v,,1.9800000000000002,False
fast_ctl010_a0_to_0_p2100,,,-0.01664998975324382,,,,PASS,test,DEC0,lower_excursion_v,-0.18000000000000002,,False
fast_ctl010_a0_to_0_p2100,,,1.7988050347101543,,,,PASS,test,DEC0,end_level_v,1.62,1.9800000000000002,False
fast_ctl010_a0_to_0_p2100,,,1.7988050347101543,,,,PASS,test,DEC0,settled_min_v,1.62,,False
fast_ctl010_a0_to_0_p2100,,,0.0028141155680120196,,,,PASS,test,DEC1,upper_excursion_v,,1.9800000000000002,False
fast_ctl010_a0_to_0_p2100,,,-0.0007424366195112764,,,,PASS,test,DEC1,lower_excursion_v,-0.18000000000000002,,False
fast_ctl010_a0_to_0_p2100,,,-0.0007424366195112764,,,,PASS,test,DEC1,end_level_v,-0.18000000000000002,0.18000000000000002,False
fast_ctl010_a0_to_0_p2100,,,0.0028141155680120196,,,,PASS,test,DEC1,unselected_max_v,,0.18000000000000002,False
fast_ctl010_a0_to_0_p2100,,,0.00297352280452696,,,,PASS,test,DEC2,upper_excursion_v,,1.9800000000000002,False
fast_ctl010_a0_to_0_p2100,,,-0.0007099169393551211,,,,PASS,test,DEC2,lower_excursion_v,-0.18000000000000002,,False
fast_ctl010_a0_to_0_p2100,,,-0.0007099169393551211,,,,PASS,test,DEC2,end_level_v,-0.18000000000000002,0.18000000000000002,False
fast_ctl010_a0_to_0_p2100,,,0.00297352280452696,,,,PASS,test,DEC2,unselected_max_v,,0.18000000000000002,False
fast_ctl010_a0_to_0_p2100,,,0.0031996303409171376,,,,PASS,test,DEC3,upper_excursion_v,,1.9800000000000002,False
fast_ctl010_a0_to_0_p2100,,,-0.0003708588577971321,,,,PASS,test,DEC3,lower_excursion_v,-0.18000000000000002,,False
fast_ctl010_a0_to_0_p2100,,,-0.0003708588577971321,,,,PASS,test,DEC3,end_level_v,-0.18000000000000002,0.18000000000000002,False
fast_ctl010_a0_to_0_p2100,,,0.0031996303409171376,,,,PASS,test,DEC3,unselected_max_v,,0.18000000000000002,False
fast_ctl010_a0_to_0_p2100,,,1.7998162759498562,,,,PASS,test,WL0,upper_excursion_v,,1.9800000000000002,False
fast_ctl010_a0_to_0_p2100,,,-0.0014295926116634017,,,,PASS,test,WL0,lower_excursion_v,-0.18000000000000002,,False
fast_ctl010_a0_to_0_p2100,,,1.7998162759498562,,,,PASS,test,WL0,end_level_v,1.62,1.9800000000000002,False
fast_ctl010_a0_to_0_p2100,,,1.7917916580948376,,,,PASS,test,WL0,settled_min_v,1.62,,False
fast_ctl010_a0_to_0_p2100,,,0.00015369046983387057,,,,PASS,test,WL1,upper_excursion_v,,1.9800000000000002,False
fast_ctl010_a0_to_0_p2100,,,0.00014962828405018733,,,,PASS,test,WL1,lower_excursion_v,-0.18000000000000002,,False
fast_ctl010_a0_to_0_p2100,,,0.00014962828405018733,,,,PASS,test,WL1,end_level_v,-0.18000000000000002,0.18000000000000002,False
fast_ctl010_a0_to_0_p2100,,,0.00015369046983387057,,,,PASS,test,WL1,unselected_max_v,,0.18000000000000002,False
fast_ctl010_a0_to_0_p2100,,,0.0001534874643848936,,,,PASS,test,WL2,upper_excursion_v,,1.9800000000000002,False
fast_ctl010_a0_to_0_p2100,,,0.00014958238666062514,,,,PASS,test,WL2,lower_excursion_v,-0.18000000000000002,,False
fast_ctl010_a0_to_0_p2100,,,0.00014968754650717433,,,,PASS,test,WL2,end_level_v,-0.18000000000000002,0.18000000000000002,False
fast_ctl010_a0_to_0_p2100,,,0.0001534874643848936,,,,PASS,test,WL2,unselected_max_v,,0.18000000000000002,False
fast_ctl010_a0_to_0_p2100,,,0.00015432665297414897,,,,PASS,test,WL3,upper_excursion_v,,1.9800000000000002,False
fast_ctl010_a0_to_0_p2100,,,0.00014952519808206075,,,,PASS,test,WL3,lower_excursion_v,-0.18000000000000002,,False
fast_ctl010_a0_to_0_p2100,,,0.00015032262600507535,,,,PASS,test,WL3,end_level_v,-0.18000000000000002,0.18000000000000002,False
fast_ctl010_a0_to_0_p2100,,,0.00015432665297414897,,,,PASS,test,WL3,unselected_max_v,,0.18000000000000002,False
fast_ctl010_a0_to_0_p2100,,,0.0006991747929310874,,,,PASS,recovery,DEC0,end_level_v,-0.18000000000000002,0.18000000000000002,False
fast_ctl010_a0_to_0_p2100,,,0.0006991747929310874,,,,PASS,recovery,DEC0,settled_max_v,,0.18000000000000002,False
fast_ctl010_a0_to_0_p2100,,,0.0007642286889537001,,,,PASS,recovery,DEC1,end_level_v,-0.18000000000000002,0.18000000000000002,False
fast_ctl010_a0_to_0_p2100,,,0.0007642286889537001,,,,PASS,recovery,DEC1,settled_max_v,,0.18000000000000002,False
fast_ctl010_a0_to_0_p2100,,,0.000744202593280675,,,,PASS,recovery,DEC2,end_level_v,-0.18000000000000002,0.18000000000000002,False
fast_ctl010_a0_to_0_p2100,,,0.000744202593280675,,,,PASS,recovery,DEC2,settled_max_v,,0.18000000000000002,False
fast_ctl010_a0_to_0_p2100,,,0.0005717669753733006,,,,PASS,recovery,DEC3,end_level_v,-0.18000000000000002,0.18000000000000002,False
fast_ctl010_a0_to_0_p2100,,,0.0005717669753733006,,,,PASS,recovery,DEC3,settled_max_v,,0.18000000000000002,False
fast_ctl010_a0_to_0_p2100,,,0.00015197566275656983,,,,PASS,recovery,WL0,end_level_v,-0.18000000000000002,0.18000000000000002,False
fast_ctl010_a0_to_0_p2100,,,0.00015197566275656983,,,,PASS,recovery,WL0,settled_max_v,,0.18000000000000002,False
fast_ctl010_a0_to_0_p2100,,,0.0001520747746238125,,,,PASS,recovery,WL1,end_level_v,-0.18000000000000002,0.18000000000000002,False
fast_ctl010_a0_to_0_p2100,,,0.0001520747746238125,,,,PASS,recovery,WL1,settled_max_v,,0.18000000000000002,False
fast_ctl010_a0_to_0_p2100,,,0.00015203858320094734,,,,PASS,recovery,WL2,end_level_v,-0.18000000000000002,0.18000000000000002,False
fast_ctl010_a0_to_0_p2100,,,0.00015203858320094734,,,,PASS,recovery,WL2,settled_max_v,,0.18000000000000002,False
fast_ctl010_a0_to_0_p2100,,,0.00015176413606682836,,,,PASS,recovery,WL3,end_level_v,-0.18000000000000002,0.18000000000000002,False
fast_ctl010_a0_to_0_p2100,,,0.00015176413606682836,,,,PASS,recovery,WL3,settled_max_v,,0.18000000000000002,False
fast_ctl010_a0_to_0_p2100,,,1.8047922021850613,,,,PASS,recovery,N0,end_level_v,1.62,1.9800000000000002,False
fast_ctl010_a0_to_0_p2100,,,1.8052148501982983,,,,PASS,recovery,N1,end_level_v,1.62,1.9800000000000002,False
fast_ctl010_a0_to_0_p2100,,,1.805366454708278,,,,PASS,recovery,N2,end_level_v,1.62,1.9800000000000002,False
fast_ctl010_a0_to_0_p2100,,,1.8047863479070831,,,,PASS,recovery,N3,end_level_v,1.62,1.9800000000000002,False
fast_ctl010_a0_to_0_p2100,,,0.00023542393021890647,,,,PASS,final_precharge,DEC0,settled_max_v,,0.18000000000000002,False
fast_ctl010_a0_to_0_p2100,,,0.00023240311113799372,,,,PASS,final_precharge,DEC0,settled_min_v,-0.18000000000000002,,False
fast_ctl010_a0_to_0_p2100,,,0.0002328050733474267,,,,PASS,final_precharge,DEC1,settled_max_v,,0.18000000000000002,False
fast_ctl010_a0_to_0_p2100,,,0.00023203687422052987,,,,PASS,final_precharge,DEC1,settled_min_v,-0.18000000000000002,,False
fast_ctl010_a0_to_0_p2100,,,0.00023550049996955667,,,,PASS,final_precharge,DEC2,settled_max_v,,0.18000000000000002,False
fast_ctl010_a0_to_0_p2100,,,0.00023469591968666085,,,,PASS,final_precharge,DEC2,settled_min_v,-0.18000000000000002,,False
fast_ctl010_a0_to_0_p2100,,,0.0002359141676235981,,,,PASS,final_precharge,DEC3,settled_max_v,,0.18000000000000002,False
fast_ctl010_a0_to_0_p2100,,,0.00023530307107509624,,,,PASS,final_precharge,DEC3,settled_min_v,-0.18000000000000002,,False
fast_ctl010_a0_to_0_p2100,,,0.00015127698216322862,,,,PASS,final_precharge,WL0,settled_max_v,,0.18000000000000002,False
fast_ctl010_a0_to_0_p2100,,,0.00015123888765734294,,,,PASS,final_precharge,WL0,settled_min_v,-0.18000000000000002,,False
fast_ctl010_a0_to_0_p2100,,,0.00015123916702250014,,,,PASS,final_precharge,WL1,settled_max_v,,0.18000000000000002,False
fast_ctl010_a0_to_0_p2100,,,0.00015123905281004573,,,,PASS,final_precharge,WL1,settled_min_v,-0.18000000000000002,,False
fast_ctl010_a0_to_0_p2100,,,0.00015123916303821136,,,,PASS,final_precharge,WL2,settled_max_v,,0.18000000000000002,False
fast_ctl010_a0_to_0_p2100,,,0.00015123904373042212,,,,PASS,final_precharge,WL2,settled_min_v,-0.18000000000000002,,False
fast_ctl010_a0_to_0_p2100,,,0.00015123918472217056,,,,PASS,final_precharge,WL3,settled_max_v,,0.18000000000000002,False
fast_ctl010_a0_to_0_p2100,,,0.00015123909292032465,,,,PASS,final_precharge,WL3,settled_min_v,-0.18000000000000002,,False
fast_ctl010_a0_to_0_p2100,,,1.7987867667989332,,,,PASS,final_precharge,N0,end_level_v,1.62,1.9800000000000002,False
fast_ctl010_a0_to_0_p2100,,,1.799964483441552,,,,PASS,final_precharge,N1,end_level_v,1.62,1.9800000000000002,False
fast_ctl010_a0_to_0_p2100,,,1.7999967079457633,,,,PASS,final_precharge,N2,end_level_v,1.62,1.9800000000000002,False
fast_ctl010_a0_to_0_p2100,,,1.7999837600834119,,,,PASS,final_precharge,N3,end_level_v,1.62,1.9800000000000002,False
fast_ctl010_a0_to_0_p2100,,,1.8048075926057916,,,,PASS,pex_recovery,N0.N0.t2,dynamic_segment_level_v,1.62,1.9800000000000002,False
fast_ctl010_a0_to_0_p2100,,,1.7987867895165075,,,,PASS,pex_final_precharge,N0.N0.t2,dynamic_segment_level_v,1.62,1.9800000000000002,False
fast_ctl010_a0_to_0_p2100,,,1.8049695494758486,,,,PASS,pex_recovery,N0.N0.n1,dynamic_segment_level_v,1.62,1.9800000000000002,False
fast_ctl010_a0_to_0_p2100,,,1.7987870512210387,,,,PASS,pex_final_precharge,N0.N0.n1,dynamic_segment_level_v,1.62,1.9800000000000002,False
fast_ctl010_a0_to_0_p2100,,,1.8049554117799678,,,,PASS,pex_recovery,N0.N0.t0,dynamic_segment_level_v,1.62,1.9800000000000002,False
fast_ctl010_a0_to_0_p2100,,,1.798766630369106,,,,PASS,pex_final_precharge,N0.N0.t0,dynamic_segment_level_v,1.62,1.9800000000000002,False
fast_ctl010_a0_to_0_p2100,,,1.8054786771693425,,,,PASS,pex_recovery,N0.N0.t1,dynamic_segment_level_v,1.62,1.9800000000000002,False
fast_ctl010_a0_to_0_p2100,,,1.7988784068459562,,,,PASS,pex_final_precharge,N0.N0.t1,dynamic_segment_level_v,1.62,1.9800000000000002,False
fast_ctl010_a0_to_0_p2100,,,1.8047922021850613,,,,PASS,pex_recovery,N0.N0,dynamic_segment_level_v,1.62,1.9800000000000002,False
fast_ctl010_a0_to_0_p2100,,,1.7987867667989332,,,,PASS,pex_final_precharge,N0.N0,dynamic_segment_level_v,1.62,1.9800000000000002,False
fast_ctl010_a0_to_0_p2100,,,1.8049574496919634,,,,PASS,pex_recovery,N0.N0.n0,dynamic_segment_level_v,1.62,1.9800000000000002,False
fast_ctl010_a0_to_0_p2100,,,1.798787042627088,,,,PASS,pex_final_precharge,N0.N0.n0,dynamic_segment_level_v,1.62,1.9800000000000002,False
fast_ctl010_a0_to_0_p2100,,,1.8047922021850613,,,,PASS,pex_recovery,N0.N0.t3,dynamic_segment_level_v,1.62,1.9800000000000002,False
fast_ctl010_a0_to_0_p2100,,,1.7987867667989332,,,,PASS,pex_final_precharge,N0.N0.t3,dynamic_segment_level_v,1.62,1.9800000000000002,False
fast_ctl010_a0_to_0_p2100,,,1.8052148501982983,,,,PASS,pex_recovery,N1.N1.t3,dynamic_segment_level_v,1.62,1.9800000000000002,False
fast_ctl010_a0_to_0_p2100,,,1.799964483441552,,,,PASS,pex_final_precharge,N1.N1.t3,dynamic_segment_level_v,1.62,1.9800000000000002,False
fast_ctl010_a0_to_0_p2100,,,1.8053849092658387,,,,PASS,pex_recovery,N1.N1.n0,dynamic_segment_level_v,1.62,1.9800000000000002,False
fast_ctl010_a0_to_0_p2100,,,1.7999644832948376,,,,PASS,pex_final_precharge,N1.N1.n0,dynamic_segment_level_v,1.62,1.9800000000000002,False
fast_ctl010_a0_to_0_p2100,,,1.8052307590362842,,,,PASS,pex_recovery,N1.N1.t2,dynamic_segment_level_v,1.62,1.9800000000000002,False
fast_ctl010_a0_to_0_p2100,,,1.7999644828762356,,,,PASS,pex_final_precharge,N1.N1.t2,dynamic_segment_level_v,1.62,1.9800000000000002,False
fast_ctl010_a0_to_0_p2100,,,1.805875686687712,,,,PASS,pex_recovery,N1.N1.t1,dynamic_segment_level_v,1.62,1.9800000000000002,False
fast_ctl010_a0_to_0_p2100,,,1.7999661306728942,,,,PASS,pex_final_precharge,N1.N1.t1,dynamic_segment_level_v,1.62,1.9800000000000002,False
fast_ctl010_a0_to_0_p2100,,,1.8052148501982983,,,,PASS,pex_recovery,N1.N1,dynamic_segment_level_v,1.62,1.9800000000000002,False
fast_ctl010_a0_to_0_p2100,,,1.799964483441552,,,,PASS,pex_final_precharge,N1.N1,dynamic_segment_level_v,1.62,1.9800000000000002,False
fast_ctl010_a0_to_0_p2100,,,1.8053967238550694,,,,PASS,pex_recovery,N1.N1.n1,dynamic_segment_level_v,1.62,1.9800000000000002,False
fast_ctl010_a0_to_0_p2100,,,1.799964470835124,,,,PASS,pex_final_precharge,N1.N1.n1,dynamic_segment_level_v,1.62,1.9800000000000002,False
fast_ctl010_a0_to_0_p2100,,,1.8053864063699654,,,,PASS,pex_recovery,N1.N1.t0,dynamic_segment_level_v,1.62,1.9800000000000002,False
fast_ctl010_a0_to_0_p2100,,,1.7999639828026468,,,,PASS,pex_final_precharge,N1.N1.t0,dynamic_segment_level_v,1.62,1.9800000000000002,False
fast_ctl010_a0_to_0_p2100,,,1.8053815819265566,,,,PASS,pex_recovery,N2.N2.t2,dynamic_segment_level_v,1.62,1.9800000000000002,False
fast_ctl010_a0_to_0_p2100,,,1.7999967071124912,,,,PASS,pex_final_precharge,N2.N2.t2,dynamic_segment_level_v,1.62,1.9800000000000002,False
fast_ctl010_a0_to_0_p2100,,,1.8055502767125409,,,,PASS,pex_recovery,N2.N2.n1,dynamic_segment_level_v,1.62,1.9800000000000002,False
fast_ctl010_a0_to_0_p2100,,,1.799996679655368,,,,PASS,pex_final_precharge,N2.N2.n1,dynamic_segment_level_v,1.62,1.9800000000000002,False
fast_ctl010_a0_to_0_p2100,,,1.805366454708278,,,,PASS,pex_recovery,N2.N2,dynamic_segment_level_v,1.62,1.9800000000000002,False
fast_ctl010_a0_to_0_p2100,,,1.7999967079457633,,,,PASS,pex_final_precharge,N2.N2,dynamic_segment_level_v,1.62,1.9800000000000002,False
fast_ctl010_a0_to_0_p2100,,,1.805366454708278,,,,PASS,pex_recovery,N2.N2.t3,dynamic_segment_level_v,1.62,1.9800000000000002,False
fast_ctl010_a0_to_0_p2100,,,1.7999967079457633,,,,PASS,pex_final_precharge,N2.N2.t3,dynamic_segment_level_v,1.62,1.9800000000000002,False
fast_ctl010_a0_to_0_p2100,,,1.8055388209614087,,,,PASS,pex_recovery,N2.N2.n0,dynamic_segment_level_v,1.62,1.9800000000000002,False
fast_ctl010_a0_to_0_p2100,,,1.7999967048739767,,,,PASS,pex_final_precharge,N2.N2.n0,dynamic_segment_level_v,1.62,1.9800000000000002,False
fast_ctl010_a0_to_0_p2100,,,1.8060194489414514,,,,PASS,pex_recovery,N2.N2.t1,dynamic_segment_level_v,1.62,1.9800000000000002,False
fast_ctl010_a0_to_0_p2100,,,1.7999956391164136,,,,PASS,pex_final_precharge,N2.N2.t1,dynamic_segment_level_v,1.62,1.9800000000000002,False
fast_ctl010_a0_to_0_p2100,,,1.8055385527275791,,,,PASS,pex_recovery,N2.N2.t0,dynamic_segment_level_v,1.62,1.9800000000000002,False
fast_ctl010_a0_to_0_p2100,,,1.7999966784775425,,,,PASS,pex_final_precharge,N2.N2.t0,dynamic_segment_level_v,1.62,1.9800000000000002,False
fast_ctl010_a0_to_0_p2100,,,1.804942088174219,,,,PASS,pex_recovery,N3.N3.t0,dynamic_segment_level_v,1.62,1.9800000000000002,False
fast_ctl010_a0_to_0_p2100,,,1.799983750911439,,,,PASS,pex_final_precharge,N3.N3.t0,dynamic_segment_level_v,1.62,1.9800000000000002,False
fast_ctl010_a0_to_0_p2100,,,1.8049398024230414,,,,PASS,pex_recovery,N3.N3.n0,dynamic_segment_level_v,1.62,1.9800000000000002,False
fast_ctl010_a0_to_0_p2100,,,1.7999837595269204,,,,PASS,pex_final_precharge,N3.N3.n0,dynamic_segment_level_v,1.62,1.9800000000000002,False
fast_ctl010_a0_to_0_p2100,,,1.8049524633634655,,,,PASS,pex_recovery,N3.N3.n1,dynamic_segment_level_v,1.62,1.9800000000000002,False
fast_ctl010_a0_to_0_p2100,,,1.7999837546847581,,,,PASS,pex_final_precharge,N3.N3.n1,dynamic_segment_level_v,1.62,1.9800000000000002,False
fast_ctl010_a0_to_0_p2100,,,1.8047980452867824,,,,PASS,pex_recovery,N3.N3.t2,dynamic_segment_level_v,1.62,1.9800000000000002,False
fast_ctl010_a0_to_0_p2100,,,1.7999837595016852,,,,PASS,pex_final_precharge,N3.N3.t2,dynamic_segment_level_v,1.62,1.9800000000000002,False
fast_ctl010_a0_to_0_p2100,,,1.8054712991448822,,,,PASS,pex_recovery,N3.N3.t1,dynamic_segment_level_v,1.62,1.9800000000000002,False
fast_ctl010_a0_to_0_p2100,,,1.7999835706214917,,,,PASS,pex_final_precharge,N3.N3.t1,dynamic_segment_level_v,1.62,1.9800000000000002,False
fast_ctl010_a0_to_0_p2100,,,1.8047863479070831,,,,PASS,pex_recovery,N3.N3.t3,dynamic_segment_level_v,1.62,1.9800000000000002,False
fast_ctl010_a0_to_0_p2100,,,1.7999837600834119,,,,PASS,pex_final_precharge,N3.N3.t3,dynamic_segment_level_v,1.62,1.9800000000000002,False
fast_ctl010_a0_to_0_p2100,,,1.8047863479070831,,,,PASS,pex_recovery,N3.N3,dynamic_segment_level_v,1.62,1.9800000000000002,False
fast_ctl010_a0_to_0_p2100,,,1.7999837600834119,,,,PASS,pex_final_precharge,N3.N3,dynamic_segment_level_v,1.62,1.9800000000000002,False
fast_ctl010_a0_to_1_p2100,010,access_precharge_release_before_pclk_ps,334.2370819651426,ps,0,,PASS,,,,,,
fast_ctl010_a0_to_1_p2100,010,access_precharge_reassert_after_pclk_fall_ps,2264.009470635374,ps,0,,PASS,,,,,,
fast_ctl010_a0_to_1_p2100,010,access_PRECH_high_at_PCLK_rise_v,1.7397362792433877,V,1.62,,PASS,,,,,,
fast_ctl010_a0_to_1_p2100,010,access_selected_WL_off_before_PRECH_conduction_ps,1203.3248170664617,ps,0,,PASS,,,,,,
fast_ctl010_a0_to_1_p2100,010,access_WL0_max_while_PRECH_active_v,0.0001512390377398407,V,,0.18000000000000002,PASS,,,,,,
fast_ctl010_a0_to_1_p2100,010,access_WL1_max_while_PRECH_active_v,0.00022020034209653582,V,,0.18000000000000002,PASS,,,,,,
fast_ctl010_a0_to_1_p2100,010,access_WL2_max_while_PRECH_active_v,0.00015123899177342087,V,,0.18000000000000002,PASS,,,,,,
fast_ctl010_a0_to_1_p2100,010,access_WL3_max_while_PRECH_active_v,0.00015123905601590056,V,,0.18000000000000002,PASS,,,,,,
fast_ctl010_a0_to_1_p2100,010,access_BL0_precharged_before_eval_v,1.8084138926143851,V,1.62,,PASS,,,,,,
fast_ctl010_a0_to_1_p2100,010,access_BLB0_precharged_before_eval_v,1.80782241292979,V,1.62,,PASS,,,,,,
fast_ctl010_a0_to_1_p2100,010,access_BL1_precharged_before_eval_v,1.8084138926143605,V,1.62,,PASS,,,,,,
fast_ctl010_a0_to_1_p2100,010,access_BLB1_precharged_before_eval_v,1.8078224129297757,V,1.62,,PASS,,,,,,
fast_ctl010_a0_to_1_p2100,010,access_BL2_precharged_before_eval_v,1.808413892614366,V,1.62,,PASS,,,,,,
fast_ctl010_a0_to_1_p2100,010,access_BLB2_precharged_before_eval_v,1.8078224129297706,V,1.62,,PASS,,,,,,
fast_ctl010_a0_to_1_p2100,010,access_BL3_precharged_before_eval_v,1.8084138926143907,V,1.62,,PASS,,,,,,
fast_ctl010_a0_to_1_p2100,010,access_BLB3_precharged_before_eval_v,1.8078224129297855,V,1.62,,PASS,,,,,,
fast_ctl010_a0_to_1_p2100,010,access_BL4_precharged_before_eval_v,1.8084138926143787,V,1.62,,PASS,,,,,,
fast_ctl010_a0_to_1_p2100,010,access_BLB4_precharged_before_eval_v,1.8078224129297855,V,1.62,,PASS,,,,,,
fast_ctl010_a0_to_1_p2100,010,access_BL5_precharged_before_eval_v,1.8084138926143722,V,1.62,,PASS,,,,,,
fast_ctl010_a0_to_1_p2100,010,access_BLB5_precharged_before_eval_v,1.8078224129297955,V,1.62,,PASS,,,,,,
fast_ctl010_a0_to_1_p2100,010,access_BL6_precharged_before_eval_v,1.8084138926143611,V,1.62,,PASS,,,,,,
fast_ctl010_a0_to_1_p2100,010,access_BLB6_precharged_before_eval_v,1.8078224129297762,V,1.62,,PASS,,,,,,
fast_ctl010_a0_to_1_p2100,010,access_BL7_precharged_before_eval_v,1.8084138926143725,V,1.62,,PASS,,,,,,
fast_ctl010_a0_to_1_p2100,010,access_BLB7_precharged_before_eval_v,1.807822412929786,V,1.62,,PASS,,,,,,
fast_ctl010_a0_to_1_p2100,010,final_BL0_precharged_v,1.7998905579913902,V,1.62,,PASS,,,,,,
fast_ctl010_a0_to_1_p2100,010,final_BLB0_precharged_v,1.7998905551058904,V,1.62,,PASS,,,,,,
fast_ctl010_a0_to_1_p2100,010,final_BL1_precharged_v,1.799890557991393,V,1.62,,PASS,,,,,,
fast_ctl010_a0_to_1_p2100,010,final_BLB1_precharged_v,1.7998905551058897,V,1.62,,PASS,,,,,,
fast_ctl010_a0_to_1_p2100,010,final_BL2_precharged_v,1.7998905579913604,V,1.62,,PASS,,,,,,
fast_ctl010_a0_to_1_p2100,010,final_BLB2_precharged_v,1.7998905551058735,V,1.62,,PASS,,,,,,
fast_ctl010_a0_to_1_p2100,010,final_BL3_precharged_v,1.7998905579913922,V,1.62,,PASS,,,,,,
fast_ctl010_a0_to_1_p2100,010,final_BLB3_precharged_v,1.7998905551058912,V,1.62,,PASS,,,,,,
fast_ctl010_a0_to_1_p2100,010,final_BL4_precharged_v,1.799890557991391,V,1.62,,PASS,,,,,,
fast_ctl010_a0_to_1_p2100,010,final_BLB4_precharged_v,1.7998905551058875,V,1.62,,PASS,,,,,,
fast_ctl010_a0_to_1_p2100,010,final_BL5_precharged_v,1.7998905579913929,V,1.62,,PASS,,,,,,
fast_ctl010_a0_to_1_p2100,010,final_BLB5_precharged_v,1.7998905551058844,V,1.62,,PASS,,,,,,
fast_ctl010_a0_to_1_p2100,010,final_BL6_precharged_v,1.7998905579913906,V,1.62,,PASS,,,,,,
fast_ctl010_a0_to_1_p2100,010,final_BLB6_precharged_v,1.7998905551058793,V,1.62,,PASS,,,,,,
fast_ctl010_a0_to_1_p2100,010,final_BL7_precharged_v,1.799890557991396,V,1.62,,PASS,,,,,,
fast_ctl010_a0_to_1_p2100,010,final_BLB7_precharged_v,1.7998905551058868,V,1.62,,PASS,,,,,,
fast_ctl010_a0_to_1_p2100,,,0.001869669088280134,,,,PASS,test,DEC0,upper_excursion_v,,1.9800000000000002,False
fast_ctl010_a0_to_1_p2100,,,-0.0005652114337295105,,,,PASS,test,DEC0,lower_excursion_v,-0.18000000000000002,,False
fast_ctl010_a0_to_1_p2100,,,-0.0005652114337295105,,,,PASS,test,DEC0,end_level_v,-0.18000000000000002,0.18000000000000002,False
fast_ctl010_a0_to_1_p2100,,,0.001869669088280134,,,,PASS,test,DEC0,unselected_max_v,,0.18000000000000002,False
fast_ctl010_a0_to_1_p2100,,,1.8002586207376894,,,,PASS,test,DEC1,upper_excursion_v,,1.9800000000000002,False
fast_ctl010_a0_to_1_p2100,,,-0.015644248288865778,,,,PASS,test,DEC1,lower_excursion_v,-0.18000000000000002,,False
fast_ctl010_a0_to_1_p2100,,,1.7986458994851298,,,,PASS,test,DEC1,end_level_v,1.62,1.9800000000000002,False
fast_ctl010_a0_to_1_p2100,,,1.7986458994851298,,,,PASS,test,DEC1,settled_min_v,1.62,,False
fast_ctl010_a0_to_1_p2100,,,0.003008406178046645,,,,PASS,test,DEC2,upper_excursion_v,,1.9800000000000002,False
fast_ctl010_a0_to_1_p2100,,,-0.0007295063686095459,,,,PASS,test,DEC2,lower_excursion_v,-0.18000000000000002,,False
fast_ctl010_a0_to_1_p2100,,,-0.0007295063686095459,,,,PASS,test,DEC2,end_level_v,-0.18000000000000002,0.18000000000000002,False
fast_ctl010_a0_to_1_p2100,,,0.003008406178046645,,,,PASS,test,DEC2,unselected_max_v,,0.18000000000000002,False
fast_ctl010_a0_to_1_p2100,,,0.002989083415815005,,,,PASS,test,DEC3,upper_excursion_v,,1.9800000000000002,False
fast_ctl010_a0_to_1_p2100,,,-0.0003506558675601353,,,,PASS,test,DEC3,lower_excursion_v,-0.18000000000000002,,False
fast_ctl010_a0_to_1_p2100,,,-0.0003506558675601353,,,,PASS,test,DEC3,end_level_v,-0.18000000000000002,0.18000000000000002,False
fast_ctl010_a0_to_1_p2100,,,0.002989083415815005,,,,PASS,test,DEC3,unselected_max_v,,0.18000000000000002,False
fast_ctl010_a0_to_1_p2100,,,0.00015262462969640946,,,,PASS,test,WL0,upper_excursion_v,,1.9800000000000002,False
fast_ctl010_a0_to_1_p2100,,,0.00014988206202096025,,,,PASS,test,WL0,lower_excursion_v,-0.18000000000000002,,False
fast_ctl010_a0_to_1_p2100,,,0.00014988206202096025,,,,PASS,test,WL0,end_level_v,-0.18000000000000002,0.18000000000000002,False
fast_ctl010_a0_to_1_p2100,,,0.00015262462969640946,,,,PASS,test,WL0,unselected_max_v,,0.18000000000000002,False
fast_ctl010_a0_to_1_p2100,,,1.7998180269210864,,,,PASS,test,WL1,upper_excursion_v,,1.9800000000000002,False
fast_ctl010_a0_to_1_p2100,,,-0.001424043335758325,,,,PASS,test,WL1,lower_excursion_v,-0.18000000000000002,,False
fast_ctl010_a0_to_1_p2100,,,1.7998180269210864,,,,PASS,test,WL1,end_level_v,1.62,1.9800000000000002,False
fast_ctl010_a0_to_1_p2100,,,1.7918840627889556,,,,PASS,test,WL1,settled_min_v,1.62,,False
fast_ctl010_a0_to_1_p2100,,,0.00015390949118068874,,,,PASS,test,WL2,upper_excursion_v,,1.9800000000000002,False
fast_ctl010_a0_to_1_p2100,,,0.0001495145621306293,,,,PASS,test,WL2,lower_excursion_v,-0.18000000000000002,,False
fast_ctl010_a0_to_1_p2100,,,0.00014969657137212295,,,,PASS,test,WL2,end_level_v,-0.18000000000000002,0.18000000000000002,False
fast_ctl010_a0_to_1_p2100,,,0.00015390949118068874,,,,PASS,test,WL2,unselected_max_v,,0.18000000000000002,False
fast_ctl010_a0_to_1_p2100,,,0.00015372571731698124,,,,PASS,test,WL3,upper_excursion_v,,1.9800000000000002,False
fast_ctl010_a0_to_1_p2100,,,0.0001496068901879681,,,,PASS,test,WL3,lower_excursion_v,-0.18000000000000002,,False
fast_ctl010_a0_to_1_p2100,,,0.00015032379969204897,,,,PASS,test,WL3,end_level_v,-0.18000000000000002,0.18000000000000002,False
fast_ctl010_a0_to_1_p2100,,,0.00015372571731698124,,,,PASS,test,WL3,unselected_max_v,,0.18000000000000002,False
fast_ctl010_a0_to_1_p2100,,,0.0007015764132246064,,,,PASS,recovery,DEC0,end_level_v,-0.18000000000000002,0.18000000000000002,False
fast_ctl010_a0_to_1_p2100,,,0.0007015764132246064,,,,PASS,recovery,DEC0,settled_max_v,,0.18000000000000002,False
fast_ctl010_a0_to_1_p2100,,,0.0007662744152668885,,,,PASS,recovery,DEC1,end_level_v,-0.18000000000000002,0.18000000000000002,False
fast_ctl010_a0_to_1_p2100,,,0.000914527301164105,,,,PASS,recovery,DEC1,settled_max_v,,0.18000000000000002,False
fast_ctl010_a0_to_1_p2100,,,0.0007452047223836995,,,,PASS,recovery,DEC2,end_level_v,-0.18000000000000002,0.18000000000000002,False
fast_ctl010_a0_to_1_p2100,,,0.0007452047223836995,,,,PASS,recovery,DEC2,settled_max_v,,0.18000000000000002,False
fast_ctl010_a0_to_1_p2100,,,0.0005739664892824127,,,,PASS,recovery,DEC3,end_level_v,-0.18000000000000002,0.18000000000000002,False
fast_ctl010_a0_to_1_p2100,,,0.0009496756069196919,,,,PASS,recovery,DEC3,settled_max_v,,0.18000000000000002,False
fast_ctl010_a0_to_1_p2100,,,0.0001519693640614627,,,,PASS,recovery,WL0,end_level_v,-0.18000000000000002,0.18000000000000002,False
fast_ctl010_a0_to_1_p2100,,,0.0001519693640614627,,,,PASS,recovery,WL0,settled_max_v,,0.18000000000000002,False
fast_ctl010_a0_to_1_p2100,,,0.00015207397059697255,,,,PASS,recovery,WL1,end_level_v,-0.18000000000000002,0.18000000000000002,False
fast_ctl010_a0_to_1_p2100,,,0.00015207397059697255,,,,PASS,recovery,WL1,settled_max_v,,0.18000000000000002,False
fast_ctl010_a0_to_1_p2100,,,0.00015203503997670203,,,,PASS,recovery,WL2,end_level_v,-0.18000000000000002,0.18000000000000002,False
fast_ctl010_a0_to_1_p2100,,,0.00015203503997670203,,,,PASS,recovery,WL2,settled_max_v,,0.18000000000000002,False
fast_ctl010_a0_to_1_p2100,,,0.00015176455144077762,,,,PASS,recovery,WL3,end_level_v,-0.18000000000000002,0.18000000000000002,False
fast_ctl010_a0_to_1_p2100,,,0.00015198975295400497,,,,PASS,recovery,WL3,settled_max_v,,0.18000000000000002,False
fast_ctl010_a0_to_1_p2100,,,1.8042681249199362,,,,PASS,recovery,N0,end_level_v,1.62,1.9800000000000002,False
fast_ctl010_a0_to_1_p2100,,,1.805033929217764,,,,PASS,recovery,N1,end_level_v,1.62,1.9800000000000002,False
fast_ctl010_a0_to_1_p2100,,,1.8053971081051283,,,,PASS,recovery,N2,end_level_v,1.62,1.9800000000000002,False
fast_ctl010_a0_to_1_p2100,,,1.8048469590257934,,,,PASS,recovery,N3,end_level_v,1.62,1.9800000000000002,False
fast_ctl010_a0_to_1_p2100,,,0.00022939924692307148,,,,PASS,final_precharge,DEC0,settled_max_v,,0.18000000000000002,False
fast_ctl010_a0_to_1_p2100,,,0.00022865457378175302,,,,PASS,final_precharge,DEC0,settled_min_v,-0.18000000000000002,,False
fast_ctl010_a0_to_1_p2100,,,0.00023847056682436548,,,,PASS,final_precharge,DEC1,settled_max_v,,0.18000000000000002,False
fast_ctl010_a0_to_1_p2100,,,0.00023524882471944461,,,,PASS,final_precharge,DEC1,settled_min_v,-0.18000000000000002,,False
fast_ctl010_a0_to_1_p2100,,,0.00023532165650367454,,,,PASS,final_precharge,DEC2,settled_max_v,,0.18000000000000002,False
fast_ctl010_a0_to_1_p2100,,,0.0002344272178391435,,,,PASS,final_precharge,DEC2,settled_min_v,-0.18000000000000002,,False
fast_ctl010_a0_to_1_p2100,,,0.0002356768735489901,,,,PASS,final_precharge,DEC3,settled_max_v,,0.18000000000000002,False
fast_ctl010_a0_to_1_p2100,,,0.00023500370351500158,,,,PASS,final_precharge,DEC3,settled_min_v,-0.18000000000000002,,False
fast_ctl010_a0_to_1_p2100,,,0.00015123916944008537,,,,PASS,final_precharge,WL0,settled_max_v,,0.18000000000000002,False
fast_ctl010_a0_to_1_p2100,,,0.00015123905874986988,,,,PASS,final_precharge,WL0,settled_min_v,-0.18000000000000002,,False
fast_ctl010_a0_to_1_p2100,,,0.00015127718593205096,,,,PASS,final_precharge,WL1,settled_max_v,,0.18000000000000002,False
fast_ctl010_a0_to_1_p2100,,,0.00015123886195703357,,,,PASS,final_precharge,WL1,settled_min_v,-0.18000000000000002,,False
fast_ctl010_a0_to_1_p2100,,,0.00015123915382294685,,,,PASS,final_precharge,WL2,settled_max_v,,0.18000000000000002,False
fast_ctl010_a0_to_1_p2100,,,0.00015123901771074022,,,,PASS,final_precharge,WL2,settled_min_v,-0.18000000000000002,,False
fast_ctl010_a0_to_1_p2100,,,0.00015123917818451958,,,,PASS,final_precharge,WL3,settled_max_v,,0.18000000000000002,False
fast_ctl010_a0_to_1_p2100,,,0.00015123907557970485,,,,PASS,final_precharge,WL3,settled_min_v,-0.18000000000000002,,False
fast_ctl010_a0_to_1_p2100,,,1.7999322359970054,,,,PASS,final_precharge,N0,end_level_v,1.62,1.9800000000000002,False
fast_ctl010_a0_to_1_p2100,,,1.7987695977457974,,,,PASS,final_precharge,N1,end_level_v,1.62,1.9800000000000002,False
fast_ctl010_a0_to_1_p2100,,,1.799987590992105,,,,PASS,final_precharge,N2,end_level_v,1.62,1.9800000000000002,False
fast_ctl010_a0_to_1_p2100,,,1.7999919494782486,,,,PASS,final_precharge,N3,end_level_v,1.62,1.9800000000000002,False
fast_ctl010_a0_to_1_p2100,,,1.8042835059071347,,,,PASS,pex_recovery,N0.N0.t2,dynamic_segment_level_v,1.62,1.9800000000000002,False
fast_ctl010_a0_to_1_p2100,,,1.7999322356223173,,,,PASS,pex_final_precharge,N0.N0.t2,dynamic_segment_level_v,1.62,1.9800000000000002,False
fast_ctl010_a0_to_1_p2100,,,1.8044460420429593,,,,PASS,pex_recovery,N0.N0.n1,dynamic_segment_level_v,1.62,1.9800000000000002,False
fast_ctl010_a0_to_1_p2100,,,1.7999322309365704,,,,PASS,pex_final_precharge,N0.N0.n1,dynamic_segment_level_v,1.62,1.9800000000000002,False
fast_ctl010_a0_to_1_p2100,,,1.8044227829096524,,,,PASS,pex_recovery,N0.N0.t0,dynamic_segment_level_v,1.62,1.9800000000000002,False
fast_ctl010_a0_to_1_p2100,,,1.7999311581182167,,,,PASS,pex_final_precharge,N0.N0.t0,dynamic_segment_level_v,1.62,1.9800000000000002,False
fast_ctl010_a0_to_1_p2100,,,1.8049956354547942,,,,PASS,pex_recovery,N0.N0.t1,dynamic_segment_level_v,1.62,1.9800000000000002,False
fast_ctl010_a0_to_1_p2100,,,1.7999366486043757,,,,PASS,pex_final_precharge,N0.N0.t1,dynamic_segment_level_v,1.62,1.9800000000000002,False
fast_ctl010_a0_to_1_p2100,,,1.8042681249199362,,,,PASS,pex_recovery,N0.N0,dynamic_segment_level_v,1.62,1.9800000000000002,False
fast_ctl010_a0_to_1_p2100,,,1.7999322359970054,,,,PASS,pex_final_precharge,N0.N0,dynamic_segment_level_v,1.62,1.9800000000000002,False
fast_ctl010_a0_to_1_p2100,,,1.8044339423610753,,,,PASS,pex_recovery,N0.N0.n0,dynamic_segment_level_v,1.62,1.9800000000000002,False
fast_ctl010_a0_to_1_p2100,,,1.7999322397692197,,,,PASS,pex_final_precharge,N0.N0.n0,dynamic_segment_level_v,1.62,1.9800000000000002,False
fast_ctl010_a0_to_1_p2100,,,1.8042681249199362,,,,PASS,pex_recovery,N0.N0.t3,dynamic_segment_level_v,1.62,1.9800000000000002,False
fast_ctl010_a0_to_1_p2100,,,1.7999322359970054,,,,PASS,pex_final_precharge,N0.N0.t3,dynamic_segment_level_v,1.62,1.9800000000000002,False
fast_ctl010_a0_to_1_p2100,,,1.805033929217764,,,,PASS,pex_recovery,N1.N1.t3,dynamic_segment_level_v,1.62,1.9800000000000002,False
fast_ctl010_a0_to_1_p2100,,,1.7987695977457974,,,,PASS,pex_final_precharge,N1.N1.t3,dynamic_segment_level_v,1.62,1.9800000000000002,False
fast_ctl010_a0_to_1_p2100,,,1.8052037327114911,,,,PASS,pex_recovery,N1.N1.n0,dynamic_segment_level_v,1.62,1.9800000000000002,False
fast_ctl010_a0_to_1_p2100,,,1.79876987940894,,,,PASS,pex_final_precharge,N1.N1.n0,dynamic_segment_level_v,1.62,1.9800000000000002,False
fast_ctl010_a0_to_1_p2100,,,1.8050497603085085,,,,PASS,pex_recovery,N1.N1.t2,dynamic_segment_level_v,1.62,1.9800000000000002,False
fast_ctl010_a0_to_1_p2100,,,1.7987696206949002,,,,PASS,pex_final_precharge,N1.N1.t2,dynamic_segment_level_v,1.62,1.9800000000000002,False
fast_ctl010_a0_to_1_p2100,,,1.8057106223383341,,,,PASS,pex_recovery,N1.N1.t1,dynamic_segment_level_v,1.62,1.9800000000000002,False
fast_ctl010_a0_to_1_p2100,,,1.7988622139038701,,,,PASS,pex_final_precharge,N1.N1.t1,dynamic_segment_level_v,1.62,1.9800000000000002,False
fast_ctl010_a0_to_1_p2100,,,1.805033929217764,,,,PASS,pex_recovery,N1.N1,dynamic_segment_level_v,1.62,1.9800000000000002,False
fast_ctl010_a0_to_1_p2100,,,1.7987695977457974,,,,PASS,pex_final_precharge,N1.N1,dynamic_segment_level_v,1.62,1.9800000000000002,False
fast_ctl010_a0_to_1_p2100,,,1.805215624275451,,,,PASS,pex_recovery,N1.N1.n1,dynamic_segment_level_v,1.62,1.9800000000000002,False
fast_ctl010_a0_to_1_p2100,,,1.7987698831342729,,,,PASS,pex_final_precharge,N1.N1.n1,dynamic_segment_level_v,1.62,1.9800000000000002,False
fast_ctl010_a0_to_1_p2100,,,1.8052024450249478,,,,PASS,pex_recovery,N1.N1.t0,dynamic_segment_level_v,1.62,1.9800000000000002,False
fast_ctl010_a0_to_1_p2100,,,1.7987491979979462,,,,PASS,pex_final_precharge,N1.N1.t0,dynamic_segment_level_v,1.62,1.9800000000000002,False
fast_ctl010_a0_to_1_p2100,,,1.8054121570664639,,,,PASS,pex_recovery,N2.N2.t2,dynamic_segment_level_v,1.62,1.9800000000000002,False
fast_ctl010_a0_to_1_p2100,,,1.7999875900814801,,,,PASS,pex_final_precharge,N2.N2.t2,dynamic_segment_level_v,1.62,1.9800000000000002,False
fast_ctl010_a0_to_1_p2100,,,1.8055812489223801,,,,PASS,pex_recovery,N2.N2.n1,dynamic_segment_level_v,1.62,1.9800000000000002,False
fast_ctl010_a0_to_1_p2100,,,1.7999875800727645,,,,PASS,pex_final_precharge,N2.N2.n1,dynamic_segment_level_v,1.62,1.9800000000000002,False
fast_ctl010_a0_to_1_p2100,,,1.8053971081051283,,,,PASS,pex_recovery,N2.N2,dynamic_segment_level_v,1.62,1.9800000000000002,False
fast_ctl010_a0_to_1_p2100,,,1.799987590992105,,,,PASS,pex_final_precharge,N2.N2,dynamic_segment_level_v,1.62,1.9800000000000002,False
fast_ctl010_a0_to_1_p2100,,,1.8053971081051283,,,,PASS,pex_recovery,N2.N2.t3,dynamic_segment_level_v,1.62,1.9800000000000002,False
fast_ctl010_a0_to_1_p2100,,,1.799987590992105,,,,PASS,pex_final_precharge,N2.N2.t3,dynamic_segment_level_v,1.62,1.9800000000000002,False
fast_ctl010_a0_to_1_p2100,,,1.8055697785048188,,,,PASS,pex_recovery,N2.N2.n0,dynamic_segment_level_v,1.62,1.9800000000000002,False
fast_ctl010_a0_to_1_p2100,,,1.7999875898274071,,,,PASS,pex_final_precharge,N2.N2.n0,dynamic_segment_level_v,1.62,1.9800000000000002,False
fast_ctl010_a0_to_1_p2100,,,1.8060510044831577,,,,PASS,pex_recovery,N2.N2.t1,dynamic_segment_level_v,1.62,1.9800000000000002,False
fast_ctl010_a0_to_1_p2100,,,1.7999871812283672,,,,PASS,pex_final_precharge,N2.N2.t1,dynamic_segment_level_v,1.62,1.9800000000000002,False
fast_ctl010_a0_to_1_p2100,,,1.8055695014275546,,,,PASS,pex_recovery,N2.N2.t0,dynamic_segment_level_v,1.62,1.9800000000000002,False
fast_ctl010_a0_to_1_p2100,,,1.7999875787743984,,,,PASS,pex_final_precharge,N2.N2.t0,dynamic_segment_level_v,1.62,1.9800000000000002,False
fast_ctl010_a0_to_1_p2100,,,1.805003161849333,,,,PASS,pex_recovery,N3.N3.t0,dynamic_segment_level_v,1.62,1.9800000000000002,False
fast_ctl010_a0_to_1_p2100,,,1.799991924966474,,,,PASS,pex_final_precharge,N3.N3.t0,dynamic_segment_level_v,1.62,1.9800000000000002,False
fast_ctl010_a0_to_1_p2100,,,1.805000958071944,,,,PASS,pex_recovery,N3.N3.n0,dynamic_segment_level_v,1.62,1.9800000000000002,False
fast_ctl010_a0_to_1_p2100,,,1.7999919469364476,,,,PASS,pex_final_precharge,N3.N3.n0,dynamic_segment_level_v,1.62,1.9800000000000002,False
fast_ctl010_a0_to_1_p2100,,,1.8050135790983464,,,,PASS,pex_recovery,N3.N3.n1,dynamic_segment_level_v,1.62,1.9800000000000002,False
fast_ctl010_a0_to_1_p2100,,,1.799991926202202,,,,PASS,pex_final_precharge,N3.N3.n1,dynamic_segment_level_v,1.62,1.9800000000000002,False
fast_ctl010_a0_to_1_p2100,,,1.8048586355803153,,,,PASS,pex_recovery,N3.N3.t2,dynamic_segment_level_v,1.62,1.9800000000000002,False
fast_ctl010_a0_to_1_p2100,,,1.7999919484816227,,,,PASS,pex_final_precharge,N3.N3.t2,dynamic_segment_level_v,1.62,1.9800000000000002,False
fast_ctl010_a0_to_1_p2100,,,1.8055307421737927,,,,PASS,pex_recovery,N3.N3.t1,dynamic_segment_level_v,1.62,1.9800000000000002,False
fast_ctl010_a0_to_1_p2100,,,1.7999910718421064,,,,PASS,pex_final_precharge,N3.N3.t1,dynamic_segment_level_v,1.62,1.9800000000000002,False
fast_ctl010_a0_to_1_p2100,,,1.8048469590257934,,,,PASS,pex_recovery,N3.N3.t3,dynamic_segment_level_v,1.62,1.9800000000000002,False
fast_ctl010_a0_to_1_p2100,,,1.7999919494782486,,,,PASS,pex_final_precharge,N3.N3.t3,dynamic_segment_level_v,1.62,1.9800000000000002,False
fast_ctl010_a0_to_1_p2100,,,1.8048469590257934,,,,PASS,pex_recovery,N3.N3,dynamic_segment_level_v,1.62,1.9800000000000002,False
fast_ctl010_a0_to_1_p2100,,,1.7999919494782486,,,,PASS,pex_final_precharge,N3.N3,dynamic_segment_level_v,1.62,1.9800000000000002,False
fast_ctl010_a0_to_2_p2100,010,access_precharge_release_before_pclk_ps,334.110956233421,ps,0,,PASS,,,,,,
fast_ctl010_a0_to_2_p2100,010,access_precharge_reassert_after_pclk_fall_ps,2264.136941438998,ps,0,,PASS,,,,,,
fast_ctl010_a0_to_2_p2100,010,access_PRECH_high_at_PCLK_rise_v,1.739683816707166,V,1.62,,PASS,,,,,,
fast_ctl010_a0_to_2_p2100,010,access_selected_WL_off_before_PRECH_conduction_ps,1204.2728845122786,ps,0,,PASS,,,,,,
fast_ctl010_a0_to_2_p2100,010,access_WL0_max_while_PRECH_active_v,0.0001512390510834747,V,,0.18000000000000002,PASS,,,,,,
fast_ctl010_a0_to_2_p2100,010,access_WL1_max_while_PRECH_active_v,0.00015123901966630993,V,,0.18000000000000002,PASS,,,,,,
fast_ctl010_a0_to_2_p2100,010,access_WL2_max_while_PRECH_active_v,0.00021995065612511898,V,,0.18000000000000002,PASS,,,,,,
fast_ctl010_a0_to_2_p2100,010,access_WL3_max_while_PRECH_active_v,0.0001512390548522454,V,,0.18000000000000002,PASS,,,,,,
fast_ctl010_a0_to_2_p2100,010,access_BL0_precharged_before_eval_v,1.8084137301907108,V,1.62,,PASS,,,,,,
fast_ctl010_a0_to_2_p2100,010,access_BLB0_precharged_before_eval_v,1.8078222806842783,V,1.62,,PASS,,,,,,
fast_ctl010_a0_to_2_p2100,010,access_BL1_precharged_before_eval_v,1.8084137301907095,V,1.62,,PASS,,,,,,
fast_ctl010_a0_to_2_p2100,010,access_BLB1_precharged_before_eval_v,1.8078222806842983,V,1.62,,PASS,,,,,,
fast_ctl010_a0_to_2_p2100,010,access_BL2_precharged_before_eval_v,1.80841373019072,V,1.62,,PASS,,,,,,
fast_ctl010_a0_to_2_p2100,010,access_BLB2_precharged_before_eval_v,1.8078222806842776,V,1.62,,PASS,,,,,,
fast_ctl010_a0_to_2_p2100,010,access_BL3_precharged_before_eval_v,1.8084137301907206,V,1.62,,PASS,,,,,,
fast_ctl010_a0_to_2_p2100,010,access_BLB3_precharged_before_eval_v,1.8078222806843027,V,1.62,,PASS,,,,,,
fast_ctl010_a0_to_2_p2100,010,access_BL4_precharged_before_eval_v,1.8084137301907037,V,1.62,,PASS,,,,,,
fast_ctl010_a0_to_2_p2100,010,access_BLB4_precharged_before_eval_v,1.8078222806843045,V,1.62,,PASS,,,,,,
fast_ctl010_a0_to_2_p2100,010,access_BL5_precharged_before_eval_v,1.8084137301907197,V,1.62,,PASS,,,,,,
fast_ctl010_a0_to_2_p2100,010,access_BLB5_precharged_before_eval_v,1.807822280684282,V,1.62,,PASS,,,,,,
fast_ctl010_a0_to_2_p2100,010,access_BL6_precharged_before_eval_v,1.8084137301907248,V,1.62,,PASS,,,,,,
fast_ctl010_a0_to_2_p2100,010,access_BLB6_precharged_before_eval_v,1.8078222806842885,V,1.62,,PASS,,,,,,
fast_ctl010_a0_to_2_p2100,010,access_BL7_precharged_before_eval_v,1.8084137301907257,V,1.62,,PASS,,,,,,
fast_ctl010_a0_to_2_p2100,010,access_BLB7_precharged_before_eval_v,1.8078222806842843,V,1.62,,PASS,,,,,,
fast_ctl010_a0_to_2_p2100,010,final_BL0_precharged_v,1.7998905077404266,V,1.62,,PASS,,,,,,
fast_ctl010_a0_to_2_p2100,010,final_BLB0_precharged_v,1.799890504956044,V,1.62,,PASS,,,,,,
fast_ctl010_a0_to_2_p2100,010,final_BL1_precharged_v,1.7998905077404317,V,1.62,,PASS,,,,,,
fast_ctl010_a0_to_2_p2100,010,final_BLB1_precharged_v,1.7998905049560425,V,1.62,,PASS,,,,,,
fast_ctl010_a0_to_2_p2100,010,final_BL2_precharged_v,1.7998905077403986,V,1.62,,PASS,,,,,,
fast_ctl010_a0_to_2_p2100,010,final_BLB2_precharged_v,1.7998905049560319,V,1.62,,PASS,,,,,,
fast_ctl010_a0_to_2_p2100,010,final_BL3_precharged_v,1.7998905077404266,V,1.62,,PASS,,,,,,
fast_ctl010_a0_to_2_p2100,010,final_BLB3_precharged_v,1.7998905049560445,V,1.62,,PASS,,,,,,
fast_ctl010_a0_to_2_p2100,010,final_BL4_precharged_v,1.7998905077404297,V,1.62,,PASS,,,,,,
fast_ctl010_a0_to_2_p2100,010,final_BLB4_precharged_v,1.7998905049560425,V,1.62,,PASS,,,,,,
fast_ctl010_a0_to_2_p2100,010,final_BL5_precharged_v,1.799890507740429,V,1.62,,PASS,,,,,,
fast_ctl010_a0_to_2_p2100,010,final_BLB5_precharged_v,1.7998905049560425,V,1.62,,PASS,,,,,,
fast_ctl010_a0_to_2_p2100,010,final_BL6_precharged_v,1.7998905077404292,V,1.62,,PASS,,,,,,
fast_ctl010_a0_to_2_p2100,010,final_BLB6_precharged_v,1.7998905049560425,V,1.62,,PASS,,,,,,
fast_ctl010_a0_to_2_p2100,010,final_BL7_precharged_v,1.7998905077404244,V,1.62,,PASS,,,,,,
fast_ctl010_a0_to_2_p2100,010,final_BLB7_precharged_v,1.799890504956037,V,1.62,,PASS,,,,,,
fast_ctl010_a0_to_2_p2100,,,0.0019061128053524251,,,,PASS,test,DEC0,upper_excursion_v,,1.9800000000000002,False
fast_ctl010_a0_to_2_p2100,,,-0.0005991731699840967,,,,PASS,test,DEC0,lower_excursion_v,-0.18000000000000002,,False
fast_ctl010_a0_to_2_p2100,,,-0.0005991731699840967,,,,PASS,test,DEC0,end_level_v,-0.18000000000000002,0.18000000000000002,False
fast_ctl010_a0_to_2_p2100,,,0.0019061128053524251,,,,PASS,test,DEC0,unselected_max_v,,0.18000000000000002,False
fast_ctl010_a0_to_2_p2100,,,0.002872692956261153,,,,PASS,test,DEC1,upper_excursion_v,,1.9800000000000002,False
fast_ctl010_a0_to_2_p2100,,,-0.000749857741736014,,,,PASS,test,DEC1,lower_excursion_v,-0.18000000000000002,,False
fast_ctl010_a0_to_2_p2100,,,-0.000749857741736014,,,,PASS,test,DEC1,end_level_v,-0.18000000000000002,0.18000000000000002,False
fast_ctl010_a0_to_2_p2100,,,0.002872692956261153,,,,PASS,test,DEC1,unselected_max_v,,0.18000000000000002,False
fast_ctl010_a0_to_2_p2100,,,1.800257711495479,,,,PASS,test,DEC2,upper_excursion_v,,1.9800000000000002,False
fast_ctl010_a0_to_2_p2100,,,-0.016167840323970888,,,,PASS,test,DEC2,lower_excursion_v,-0.18000000000000002,,False
fast_ctl010_a0_to_2_p2100,,,1.7986999529762737,,,,PASS,test,DEC2,end_level_v,1.62,1.9800000000000002,False
fast_ctl010_a0_to_2_p2100,,,1.7986999529762737,,,,PASS,test,DEC2,settled_min_v,1.62,,False
fast_ctl010_a0_to_2_p2100,,,0.00301616743888301,,,,PASS,test,DEC3,upper_excursion_v,,1.9800000000000002,False
fast_ctl010_a0_to_2_p2100,,,-0.00026852571038000095,,,,PASS,test,DEC3,lower_excursion_v,-0.18000000000000002,,False
fast_ctl010_a0_to_2_p2100,,,-0.00026852571038000095,,,,PASS,test,DEC3,end_level_v,-0.18000000000000002,0.18000000000000002,False
fast_ctl010_a0_to_2_p2100,,,0.00301616743888301,,,,PASS,test,DEC3,unselected_max_v,,0.18000000000000002,False
fast_ctl010_a0_to_2_p2100,,,0.00015234531318020358,,,,PASS,test,WL0,upper_excursion_v,,1.9800000000000002,False
fast_ctl010_a0_to_2_p2100,,,0.00014989261167590437,,,,PASS,test,WL0,lower_excursion_v,-0.18000000000000002,,False
fast_ctl010_a0_to_2_p2100,,,0.00014989261167590437,,,,PASS,test,WL0,end_level_v,-0.18000000000000002,0.18000000000000002,False
fast_ctl010_a0_to_2_p2100,,,0.00015234531318020358,,,,PASS,test,WL0,unselected_max_v,,0.18000000000000002,False
fast_ctl010_a0_to_2_p2100,,,0.0001537829493230963,,,,PASS,test,WL1,upper_excursion_v,,1.9800000000000002,False
fast_ctl010_a0_to_2_p2100,,,0.00014965119832219986,,,,PASS,test,WL1,lower_excursion_v,-0.18000000000000002,,False
fast_ctl010_a0_to_2_p2100,,,0.00014965119832219986,,,,PASS,test,WL1,end_level_v,-0.18000000000000002,0.18000000000000002,False
fast_ctl010_a0_to_2_p2100,,,0.0001537829493230963,,,,PASS,test,WL1,unselected_max_v,,0.18000000000000002,False
fast_ctl010_a0_to_2_p2100,,,1.7998155089586354,,,,PASS,test,WL2,upper_excursion_v,,1.9800000000000002,False
fast_ctl010_a0_to_2_p2100,,,-0.0014265978423049091,,,,PASS,test,WL2,lower_excursion_v,-0.18000000000000002,,False
fast_ctl010_a0_to_2_p2100,,,1.7998155089586354,,,,PASS,test,WL2,end_level_v,1.62,1.9800000000000002,False
fast_ctl010_a0_to_2_p2100,,,1.79176359962525,,,,PASS,test,WL2,settled_min_v,1.62,,False
fast_ctl010_a0_to_2_p2100,,,0.00015420771054049242,,,,PASS,test,WL3,upper_excursion_v,,1.9800000000000002,False
fast_ctl010_a0_to_2_p2100,,,0.00014960205663325482,,,,PASS,test,WL3,lower_excursion_v,-0.18000000000000002,,False
fast_ctl010_a0_to_2_p2100,,,0.00015035393907050846,,,,PASS,test,WL3,end_level_v,-0.18000000000000002,0.18000000000000002,False
fast_ctl010_a0_to_2_p2100,,,0.00015420771054049242,,,,PASS,test,WL3,unselected_max_v,,0.18000000000000002,False
fast_ctl010_a0_to_2_p2100,,,0.0006895393465098897,,,,PASS,recovery,DEC0,end_level_v,-0.18000000000000002,0.18000000000000002,False
fast_ctl010_a0_to_2_p2100,,,0.0011849175533745863,,,,PASS,recovery,DEC0,settled_max_v,,0.18000000000000002,False
fast_ctl010_a0_to_2_p2100,,,0.0007554348545255632,,,,PASS,recovery,DEC1,end_level_v,-0.18000000000000002,0.18000000000000002,False
fast_ctl010_a0_to_2_p2100,,,0.001252960738389502,,,,PASS,recovery,DEC1,settled_max_v,,0.18000000000000002,False
fast_ctl010_a0_to_2_p2100,,,0.0007422972794821047,,,,PASS,recovery,DEC2,end_level_v,-0.18000000000000002,0.18000000000000002,False
fast_ctl010_a0_to_2_p2100,,,0.001499504037542418,,,,PASS,recovery,DEC2,settled_max_v,,0.18000000000000002,False
fast_ctl010_a0_to_2_p2100,,,0.0005739079465598334,,,,PASS,recovery,DEC3,end_level_v,-0.18000000000000002,0.18000000000000002,False
fast_ctl010_a0_to_2_p2100,,,0.0014562387687851218,,,,PASS,recovery,DEC3,settled_max_v,,0.18000000000000002,False
fast_ctl010_a0_to_2_p2100,,,0.00015196180545097552,,,,PASS,recovery,WL0,end_level_v,-0.18000000000000002,0.18000000000000002,False
fast_ctl010_a0_to_2_p2100,,,0.00015235096997397556,,,,PASS,recovery,WL0,settled_max_v,,0.18000000000000002,False
fast_ctl010_a0_to_2_p2100,,,0.00015206075853456364,,,,PASS,recovery,WL1,end_level_v,-0.18000000000000002,0.18000000000000002,False
fast_ctl010_a0_to_2_p2100,,,0.00015240309808743342,,,,PASS,recovery,WL1,settled_max_v,,0.18000000000000002,False
fast_ctl010_a0_to_2_p2100,,,0.00015203498486307846,,,,PASS,recovery,WL2,end_level_v,-0.18000000000000002,0.18000000000000002,False
fast_ctl010_a0_to_2_p2100,,,0.00015244184580612944,,,,PASS,recovery,WL2,settled_max_v,,0.18000000000000002,False
fast_ctl010_a0_to_2_p2100,,,0.0001517540898515749,,,,PASS,recovery,WL3,end_level_v,-0.18000000000000002,0.18000000000000002,False
fast_ctl010_a0_to_2_p2100,,,0.0001526944513259529,,,,PASS,recovery,WL3,settled_max_v,,0.18000000000000002,False
fast_ctl010_a0_to_2_p2100,,,1.8050574673588942,,,,PASS,recovery,N0,end_level_v,1.62,1.9800000000000002,False
fast_ctl010_a0_to_2_p2100,,,1.8052073229739534,,,,PASS,recovery,N1,end_level_v,1.62,1.9800000000000002,False
fast_ctl010_a0_to_2_p2100,,,1.8053626123389686,,,,PASS,recovery,N2,end_level_v,1.62,1.9800000000000002,False
fast_ctl010_a0_to_2_p2100,,,1.8037381791518745,,,,PASS,recovery,N3,end_level_v,1.62,1.9800000000000002,False
fast_ctl010_a0_to_2_p2100,,,0.00022887418510152228,,,,PASS,final_precharge,DEC0,settled_max_v,,0.18000000000000002,False
fast_ctl010_a0_to_2_p2100,,,0.00022818053529782834,,,,PASS,final_precharge,DEC0,settled_min_v,-0.18000000000000002,,False
fast_ctl010_a0_to_2_p2100,,,0.00023213746644558646,,,,PASS,final_precharge,DEC1,settled_max_v,,0.18000000000000002,False
fast_ctl010_a0_to_2_p2100,,,0.00023134069056527122,,,,PASS,final_precharge,DEC1,settled_min_v,-0.18000000000000002,,False
fast_ctl010_a0_to_2_p2100,,,0.000241025614254816,,,,PASS,final_precharge,DEC2,settled_max_v,,0.18000000000000002,False
fast_ctl010_a0_to_2_p2100,,,0.00023773344166695557,,,,PASS,final_precharge,DEC2,settled_min_v,-0.18000000000000002,,False
fast_ctl010_a0_to_2_p2100,,,0.000235530825229183,,,,PASS,final_precharge,DEC3,settled_max_v,,0.18000000000000002,False
fast_ctl010_a0_to_2_p2100,,,0.0002348535522293059,,,,PASS,final_precharge,DEC3,settled_min_v,-0.18000000000000002,,False
fast_ctl010_a0_to_2_p2100,,,0.00015123917553212595,,,,PASS,final_precharge,WL0,settled_max_v,,0.18000000000000002,False
fast_ctl010_a0_to_2_p2100,,,0.00015123907095292638,,,,PASS,final_precharge,WL0,settled_min_v,-0.18000000000000002,,False
fast_ctl010_a0_to_2_p2100,,,0.00015123916453066972,,,,PASS,final_precharge,WL1,settled_max_v,,0.18000000000000002,False
fast_ctl010_a0_to_2_p2100,,,0.00015123904295957015,,,,PASS,final_precharge,WL1,settled_min_v,-0.18000000000000002,,False
fast_ctl010_a0_to_2_p2100,,,0.00015127695352001606,,,,PASS,final_precharge,WL2,settled_max_v,,0.18000000000000002,False
fast_ctl010_a0_to_2_p2100,,,0.00015123885273673785,,,,PASS,final_precharge,WL2,settled_min_v,-0.18000000000000002,,False
fast_ctl010_a0_to_2_p2100,,,0.00015123917747929358,,,,PASS,final_precharge,WL3,settled_max_v,,0.18000000000000002,False
fast_ctl010_a0_to_2_p2100,,,0.0001512390746781346,,,,PASS,final_precharge,WL3,settled_min_v,-0.18000000000000002,,False
fast_ctl010_a0_to_2_p2100,,,1.8000020699746782,,,,PASS,final_precharge,N0,end_level_v,1.62,1.9800000000000002,False
fast_ctl010_a0_to_2_p2100,,,1.7999917041390956,,,,PASS,final_precharge,N1,end_level_v,1.62,1.9800000000000002,False
fast_ctl010_a0_to_2_p2100,,,1.7987647135117624,,,,PASS,final_precharge,N2,end_level_v,1.62,1.9800000000000002,False
fast_ctl010_a0_to_2_p2100,,,1.799928363945396,,,,PASS,final_precharge,N3,end_level_v,1.62,1.9800000000000002,False
fast_ctl010_a0_to_2_p2100,,,1.8050724035625603,,,,PASS,pex_recovery,N0.N0.t2,dynamic_segment_level_v,1.62,1.9800000000000002,False
fast_ctl010_a0_to_2_p2100,,,1.80000206904423,,,,PASS,pex_final_precharge,N0.N0.t2,dynamic_segment_level_v,1.62,1.9800000000000002,False
fast_ctl010_a0_to_2_p2100,,,1.8052326719927696,,,,PASS,pex_recovery,N0.N0.n1,dynamic_segment_level_v,1.62,1.9800000000000002,False
fast_ctl010_a0_to_2_p2100,,,1.8000020460467723,,,,PASS,pex_final_precharge,N0.N0.n1,dynamic_segment_level_v,1.62,1.9800000000000002,False
fast_ctl010_a0_to_2_p2100,,,1.8052227252595026,,,,PASS,pex_recovery,N0.N0.t0,dynamic_segment_level_v,1.62,1.9800000000000002,False
fast_ctl010_a0_to_2_p2100,,,1.800002044795292,,,,PASS,pex_final_precharge,N0.N0.t0,dynamic_segment_level_v,1.62,1.9800000000000002,False
fast_ctl010_a0_to_2_p2100,,,1.8057220601456632,,,,PASS,pex_recovery,N0.N0.t1,dynamic_segment_level_v,1.62,1.9800000000000002,False
fast_ctl010_a0_to_2_p2100,,,1.8000011742949522,,,,PASS,pex_final_precharge,N0.N0.t1,dynamic_segment_level_v,1.62,1.9800000000000002,False
fast_ctl010_a0_to_2_p2100,,,1.8050574673588942,,,,PASS,pex_recovery,N0.N0,dynamic_segment_level_v,1.62,1.9800000000000002,False
fast_ctl010_a0_to_2_p2100,,,1.8000020699746782,,,,PASS,pex_final_precharge,N0.N0,dynamic_segment_level_v,1.62,1.9800000000000002,False
fast_ctl010_a0_to_2_p2100,,,1.8052206134284632,,,,PASS,pex_recovery,N0.N0.n0,dynamic_segment_level_v,1.62,1.9800000000000002,False
fast_ctl010_a0_to_2_p2100,,,1.8000020672039725,,,,PASS,pex_final_precharge,N0.N0.n0,dynamic_segment_level_v,1.62,1.9800000000000002,False
fast_ctl010_a0_to_2_p2100,,,1.8050574673588942,,,,PASS,pex_recovery,N0.N0.t3,dynamic_segment_level_v,1.62,1.9800000000000002,False
fast_ctl010_a0_to_2_p2100,,,1.8000020699746782,,,,PASS,pex_final_precharge,N0.N0.t3,dynamic_segment_level_v,1.62,1.9800000000000002,False
fast_ctl010_a0_to_2_p2100,,,1.8052073229739534,,,,PASS,pex_recovery,N1.N1.t3,dynamic_segment_level_v,1.62,1.9800000000000002,False
fast_ctl010_a0_to_2_p2100,,,1.7999917041390956,,,,PASS,pex_final_precharge,N1.N1.t3,dynamic_segment_level_v,1.62,1.9800000000000002,False
fast_ctl010_a0_to_2_p2100,,,1.8053752121814268,,,,PASS,pex_recovery,N1.N1.n0,dynamic_segment_level_v,1.62,1.9800000000000002,False
fast_ctl010_a0_to_2_p2100,,,1.7999917026648766,,,,PASS,pex_final_precharge,N1.N1.n0,dynamic_segment_level_v,1.62,1.9800000000000002,False
fast_ctl010_a0_to_2_p2100,,,1.8052227903531288,,,,PASS,pex_recovery,N1.N1.t2,dynamic_segment_level_v,1.62,1.9800000000000002,False
fast_ctl010_a0_to_2_p2100,,,1.7999917030699946,,,,PASS,pex_final_precharge,N1.N1.t2,dynamic_segment_level_v,1.62,1.9800000000000002,False
fast_ctl010_a0_to_2_p2100,,,1.8058658533499814,,,,PASS,pex_recovery,N1.N1.t1,dynamic_segment_level_v,1.62,1.9800000000000002,False
fast_ctl010_a0_to_2_p2100,,,1.7999912468998687,,,,PASS,pex_final_precharge,N1.N1.t1,dynamic_segment_level_v,1.62,1.9800000000000002,False
fast_ctl010_a0_to_2_p2100,,,1.8052073229739534,,,,PASS,pex_recovery,N1.N1,dynamic_segment_level_v,1.62,1.9800000000000002,False
fast_ctl010_a0_to_2_p2100,,,1.7999917041390956,,,,PASS,pex_final_precharge,N1.N1,dynamic_segment_level_v,1.62,1.9800000000000002,False
fast_ctl010_a0_to_2_p2100,,,1.8053869921748251,,,,PASS,pex_recovery,N1.N1.n1,dynamic_segment_level_v,1.62,1.9800000000000002,False
fast_ctl010_a0_to_2_p2100,,,1.7999916917958,,,,PASS,pex_final_precharge,N1.N1.n1,dynamic_segment_level_v,1.62,1.9800000000000002,False
fast_ctl010_a0_to_2_p2100,,,1.8053765300670925,,,,PASS,pex_recovery,N1.N1.t0,dynamic_segment_level_v,1.62,1.9800000000000002,False
fast_ctl010_a0_to_2_p2100,,,1.7999916904719058,,,,PASS,pex_final_precharge,N1.N1.t0,dynamic_segment_level_v,1.62,1.9800000000000002,False
fast_ctl010_a0_to_2_p2100,,,1.8053776715648473,,,,PASS,pex_recovery,N2.N2.t2,dynamic_segment_level_v,1.62,1.9800000000000002,False
fast_ctl010_a0_to_2_p2100,,,1.798764736204068,,,,PASS,pex_final_precharge,N2.N2.t2,dynamic_segment_level_v,1.62,1.9800000000000002,False
fast_ctl010_a0_to_2_p2100,,,1.8055484198486338,,,,PASS,pex_recovery,N2.N2.n1,dynamic_segment_level_v,1.62,1.9800000000000002,False
fast_ctl010_a0_to_2_p2100,,,1.798765000802527,,,,PASS,pex_final_precharge,N2.N2.n1,dynamic_segment_level_v,1.62,1.9800000000000002,False
fast_ctl010_a0_to_2_p2100,,,1.8053626123389686,,,,PASS,pex_recovery,N2.N2,dynamic_segment_level_v,1.62,1.9800000000000002,False
fast_ctl010_a0_to_2_p2100,,,1.7987647135117624,,,,PASS,pex_final_precharge,N2.N2,dynamic_segment_level_v,1.62,1.9800000000000002,False
fast_ctl010_a0_to_2_p2100,,,1.8053626123389686,,,,PASS,pex_recovery,N2.N2.t3,dynamic_segment_level_v,1.62,1.9800000000000002,False
fast_ctl010_a0_to_2_p2100,,,1.7987647135117624,,,,PASS,pex_final_precharge,N2.N2.t3,dynamic_segment_level_v,1.62,1.9800000000000002,False
fast_ctl010_a0_to_2_p2100,,,1.8055369469812075,,,,PASS,pex_recovery,N2.N2.n0,dynamic_segment_level_v,1.62,1.9800000000000002,False
fast_ctl010_a0_to_2_p2100,,,1.798764995986524,,,,PASS,pex_final_precharge,N2.N2.n0,dynamic_segment_level_v,1.62,1.9800000000000002,False
fast_ctl010_a0_to_2_p2100,,,1.8060155699824185,,,,PASS,pex_recovery,N2.N2.t1,dynamic_segment_level_v,1.62,1.9800000000000002,False
fast_ctl010_a0_to_2_p2100,,,1.7988573528156546,,,,PASS,pex_final_precharge,N2.N2.t1,dynamic_segment_level_v,1.62,1.9800000000000002,False
fast_ctl010_a0_to_2_p2100,,,1.8055371448824051,,,,PASS,pex_recovery,N2.N2.t0,dynamic_segment_level_v,1.62,1.9800000000000002,False
fast_ctl010_a0_to_2_p2100,,,1.79874432090967,,,,PASS,pex_final_precharge,N2.N2.t0,dynamic_segment_level_v,1.62,1.9800000000000002,False
fast_ctl010_a0_to_2_p2100,,,1.8038793944497094,,,,PASS,pex_recovery,N3.N3.t0,dynamic_segment_level_v,1.62,1.9800000000000002,False
fast_ctl010_a0_to_2_p2100,,,1.7999274145342108,,,,PASS,pex_final_precharge,N3.N3.t0,dynamic_segment_level_v,1.62,1.9800000000000002,False
fast_ctl010_a0_to_2_p2100,,,1.803894123280298,,,,PASS,pex_recovery,N3.N3.n0,dynamic_segment_level_v,1.62,1.9800000000000002,False
fast_ctl010_a0_to_2_p2100,,,1.7999283670161836,,,,PASS,pex_final_precharge,N3.N3.n0,dynamic_segment_level_v,1.62,1.9800000000000002,False
fast_ctl010_a0_to_2_p2100,,,1.8039067426543067,,,,PASS,pex_recovery,N3.N3.n1,dynamic_segment_level_v,1.62,1.9800000000000002,False
fast_ctl010_a0_to_2_p2100,,,1.7999283589404667,,,,PASS,pex_final_precharge,N3.N3.n1,dynamic_segment_level_v,1.62,1.9800000000000002,False
fast_ctl010_a0_to_2_p2100,,,1.8037499324090736,,,,PASS,pex_recovery,N3.N3.t2,dynamic_segment_level_v,1.62,1.9800000000000002,False
fast_ctl010_a0_to_2_p2100,,,1.799928363126456,,,,PASS,pex_final_precharge,N3.N3.t2,dynamic_segment_level_v,1.62,1.9800000000000002,False
fast_ctl010_a0_to_2_p2100,,,1.804498656390563,,,,PASS,pex_recovery,N3.N3.t1,dynamic_segment_level_v,1.62,1.9800000000000002,False
fast_ctl010_a0_to_2_p2100,,,1.7999322353683116,,,,PASS,pex_final_precharge,N3.N3.t1,dynamic_segment_level_v,1.62,1.9800000000000002,False
fast_ctl010_a0_to_2_p2100,,,1.8037381791518745,,,,PASS,pex_recovery,N3.N3.t3,dynamic_segment_level_v,1.62,1.9800000000000002,False
fast_ctl010_a0_to_2_p2100,,,1.799928363945396,,,,PASS,pex_final_precharge,N3.N3.t3,dynamic_segment_level_v,1.62,1.9800000000000002,False
fast_ctl010_a0_to_2_p2100,,,1.8037381791518745,,,,PASS,pex_recovery,N3.N3,dynamic_segment_level_v,1.62,1.9800000000000002,False
fast_ctl010_a0_to_2_p2100,,,1.799928363945396,,,,PASS,pex_final_precharge,N3.N3,dynamic_segment_level_v,1.62,1.9800000000000002,False
fast_ctl010_a0_to_3_p2100,010,access_precharge_release_before_pclk_ps,334.2408093730537,ps,0,,PASS,,,,,,
fast_ctl010_a0_to_3_p2100,010,access_precharge_reassert_after_pclk_fall_ps,2263.9141603378234,ps,0,,PASS,,,,,,
fast_ctl010_a0_to_3_p2100,010,access_PRECH_high_at_PCLK_rise_v,1.7397369627179038,V,1.62,,PASS,,,,,,
fast_ctl010_a0_to_3_p2100,010,access_selected_WL_off_before_PRECH_conduction_ps,1204.5631272623423,ps,0,,PASS,,,,,,
fast_ctl010_a0_to_3_p2100,010,access_WL0_max_while_PRECH_active_v,0.0001512390361140933,V,,0.18000000000000002,PASS,,,,,,
fast_ctl010_a0_to_3_p2100,010,access_WL1_max_while_PRECH_active_v,0.0001512390121988204,V,,0.18000000000000002,PASS,,,,,,
fast_ctl010_a0_to_3_p2100,010,access_WL2_max_while_PRECH_active_v,0.0001512389739492873,V,,0.18000000000000002,PASS,,,,,,
fast_ctl010_a0_to_3_p2100,010,access_WL3_max_while_PRECH_active_v,0.00021858479711761317,V,,0.18000000000000002,PASS,,,,,,
fast_ctl010_a0_to_3_p2100,010,access_BL0_precharged_before_eval_v,1.8084138919553348,V,1.62,,PASS,,,,,,
fast_ctl010_a0_to_3_p2100,010,access_BLB0_precharged_before_eval_v,1.8078224121662914,V,1.62,,PASS,,,,,,
fast_ctl010_a0_to_3_p2100,010,access_BL1_precharged_before_eval_v,1.808413891955334,V,1.62,,PASS,,,,,,
fast_ctl010_a0_to_3_p2100,010,access_BLB1_precharged_before_eval_v,1.8078224121662885,V,1.62,,PASS,,,,,,
fast_ctl010_a0_to_3_p2100,010,access_BL2_precharged_before_eval_v,1.8084138919553225,V,1.62,,PASS,,,,,,
fast_ctl010_a0_to_3_p2100,010,access_BLB2_precharged_before_eval_v,1.807822412166274,V,1.62,,PASS,,,,,,
fast_ctl010_a0_to_3_p2100,010,access_BL3_precharged_before_eval_v,1.808413891955353,V,1.62,,PASS,,,,,,
fast_ctl010_a0_to_3_p2100,010,access_BLB3_precharged_before_eval_v,1.8078224121662891,V,1.62,,PASS,,,,,,
fast_ctl010_a0_to_3_p2100,010,access_BL4_precharged_before_eval_v,1.8084138919553339,V,1.62,,PASS,,,,,,
fast_ctl010_a0_to_3_p2100,010,access_BLB4_precharged_before_eval_v,1.8078224121662942,V,1.62,,PASS,,,,,,
fast_ctl010_a0_to_3_p2100,010,access_BL5_precharged_before_eval_v,1.8084138919553217,V,1.62,,PASS,,,,,,
fast_ctl010_a0_to_3_p2100,010,access_BLB5_precharged_before_eval_v,1.8078224121662951,V,1.62,,PASS,,,,,,
fast_ctl010_a0_to_3_p2100,010,access_BL6_precharged_before_eval_v,1.8084138919553185,V,1.62,,PASS,,,,,,
fast_ctl010_a0_to_3_p2100,010,access_BLB6_precharged_before_eval_v,1.8078224121662818,V,1.62,,PASS,,,,,,
fast_ctl010_a0_to_3_p2100,010,access_BL7_precharged_before_eval_v,1.8084138919553185,V,1.62,,PASS,,,,,,
fast_ctl010_a0_to_3_p2100,010,access_BLB7_precharged_before_eval_v,1.8078224121662831,V,1.62,,PASS,,,,,,
fast_ctl010_a0_to_3_p2100,010,final_BL0_precharged_v,1.7998902244814172,V,1.62,,PASS,,,,,,
fast_ctl010_a0_to_3_p2100,010,final_BLB0_precharged_v,1.7998902222699678,V,1.62,,PASS,,,,,,
fast_ctl010_a0_to_3_p2100,010,final_BL1_precharged_v,1.799890224481412,V,1.62,,PASS,,,,,,
fast_ctl010_a0_to_3_p2100,010,final_BLB1_precharged_v,1.7998902222699695,V,1.62,,PASS,,,,,,
fast_ctl010_a0_to_3_p2100,010,final_BL2_precharged_v,1.799890224481395,V,1.62,,PASS,,,,,,
fast_ctl010_a0_to_3_p2100,010,final_BLB2_precharged_v,1.7998902222699589,V,1.62,,PASS,,,,,,
fast_ctl010_a0_to_3_p2100,010,final_BL3_precharged_v,1.799890224481416,V,1.62,,PASS,,,,,,
fast_ctl010_a0_to_3_p2100,010,final_BLB3_precharged_v,1.7998902222699744,V,1.62,,PASS,,,,,,
fast_ctl010_a0_to_3_p2100,010,final_BL4_precharged_v,1.7998902244814183,V,1.62,,PASS,,,,,,
fast_ctl010_a0_to_3_p2100,010,final_BLB4_precharged_v,1.799890222269975,V,1.62,,PASS,,,,,,
fast_ctl010_a0_to_3_p2100,010,final_BL5_precharged_v,1.7998902244814134,V,1.62,,PASS,,,,,,
fast_ctl010_a0_to_3_p2100,010,final_BLB5_precharged_v,1.799890222269973,V,1.62,,PASS,,,,,,
fast_ctl010_a0_to_3_p2100,010,final_BL6_precharged_v,1.799890224481414,V,1.62,,PASS,,,,,,
fast_ctl010_a0_to_3_p2100,010,final_BLB6_precharged_v,1.7998902222699678,V,1.62,,PASS,,,,,,
fast_ctl010_a0_to_3_p2100,010,final_BL7_precharged_v,1.7998902244814123,V,1.62,,PASS,,,,,,
fast_ctl010_a0_to_3_p2100,010,final_BLB7_precharged_v,1.7998902222699678,V,1.62,,PASS,,,,,,
fast_ctl010_a0_to_3_p2100,,,0.002052795659535138,,,,PASS,test,DEC0,upper_excursion_v,,1.9800000000000002,False
fast_ctl010_a0_to_3_p2100,,,-0.000619712611305732,,,,PASS,test,DEC0,lower_excursion_v,-0.18000000000000002,,False
fast_ctl010_a0_to_3_p2100,,,-0.000619712611305732,,,,PASS,test,DEC0,end_level_v,-0.18000000000000002,0.18000000000000002,False
fast_ctl010_a0_to_3_p2100,,,0.002052795659535138,,,,PASS,test,DEC0,unselected_max_v,,0.18000000000000002,False
fast_ctl010_a0_to_3_p2100,,,0.0027306387770121283,,,,PASS,test,DEC1,upper_excursion_v,,1.9800000000000002,False
fast_ctl010_a0_to_3_p2100,,,-0.0007257292732317125,,,,PASS,test,DEC1,lower_excursion_v,-0.18000000000000002,,False
fast_ctl010_a0_to_3_p2100,,,-0.0007257292732317125,,,,PASS,test,DEC1,end_level_v,-0.18000000000000002,0.18000000000000002,False
fast_ctl010_a0_to_3_p2100,,,0.0027306387770121283,,,,PASS,test,DEC1,unselected_max_v,,0.18000000000000002,False
fast_ctl010_a0_to_3_p2100,,,0.0030169405665368167,,,,PASS,test,DEC2,upper_excursion_v,,1.9800000000000002,False
fast_ctl010_a0_to_3_p2100,,,-0.0006531006136929082,,,,PASS,test,DEC2,lower_excursion_v,-0.18000000000000002,,False
fast_ctl010_a0_to_3_p2100,,,-0.0006531006136929082,,,,PASS,test,DEC2,end_level_v,-0.18000000000000002,0.18000000000000002,False
fast_ctl010_a0_to_3_p2100,,,0.0030169405665368167,,,,PASS,test,DEC2,unselected_max_v,,0.18000000000000002,False
fast_ctl010_a0_to_3_p2100,,,1.8002645292540476,,,,PASS,test,DEC3,upper_excursion_v,,1.9800000000000002,False
fast_ctl010_a0_to_3_p2100,,,-0.014912908398608413,,,,PASS,test,DEC3,lower_excursion_v,-0.18000000000000002,,False
fast_ctl010_a0_to_3_p2100,,,1.7991905562552346,,,,PASS,test,DEC3,end_level_v,1.62,1.9800000000000002,False
fast_ctl010_a0_to_3_p2100,,,1.7991905562552346,,,,PASS,test,DEC3,settled_min_v,1.62,,False
fast_ctl010_a0_to_3_p2100,,,0.00015284147626024028,,,,PASS,test,WL0,upper_excursion_v,,1.9800000000000002,False
fast_ctl010_a0_to_3_p2100,,,0.0001498973998667495,,,,PASS,test,WL0,lower_excursion_v,-0.18000000000000002,,False
fast_ctl010_a0_to_3_p2100,,,0.0001498973998667495,,,,PASS,test,WL0,end_level_v,-0.18000000000000002,0.18000000000000002,False
fast_ctl010_a0_to_3_p2100,,,0.00015284147626024028,,,,PASS,test,WL0,unselected_max_v,,0.18000000000000002,False
fast_ctl010_a0_to_3_p2100,,,0.00015315667963468173,,,,PASS,test,WL1,upper_excursion_v,,1.9800000000000002,False
fast_ctl010_a0_to_3_p2100,,,0.00014964346729953764,,,,PASS,test,WL1,lower_excursion_v,-0.18000000000000002,,False
fast_ctl010_a0_to_3_p2100,,,0.00014964346729953764,,,,PASS,test,WL1,end_level_v,-0.18000000000000002,0.18000000000000002,False
fast_ctl010_a0_to_3_p2100,,,0.00015315667963468173,,,,PASS,test,WL1,unselected_max_v,,0.18000000000000002,False
fast_ctl010_a0_to_3_p2100,,,0.00015395387328263186,,,,PASS,test,WL2,upper_excursion_v,,1.9800000000000002,False
fast_ctl010_a0_to_3_p2100,,,0.0001495798808640654,,,,PASS,test,WL2,lower_excursion_v,-0.18000000000000002,,False
fast_ctl010_a0_to_3_p2100,,,0.00014969245039154648,,,,PASS,test,WL2,end_level_v,-0.18000000000000002,0.18000000000000002,False
fast_ctl010_a0_to_3_p2100,,,0.00015395387328263186,,,,PASS,test,WL2,unselected_max_v,,0.18000000000000002,False
fast_ctl010_a0_to_3_p2100,,,1.7998165314980115,,,,PASS,test,WL3,upper_excursion_v,,1.9800000000000002,False
fast_ctl010_a0_to_3_p2100,,,-0.001429062425559625,,,,PASS,test,WL3,lower_excursion_v,-0.18000000000000002,,False
fast_ctl010_a0_to_3_p2100,,,1.7998165314980115,,,,PASS,test,WL3,end_level_v,1.62,1.9800000000000002,False
fast_ctl010_a0_to_3_p2100,,,1.791771595036307,,,,PASS,test,WL3,settled_min_v,1.62,,False
fast_ctl010_a0_to_3_p2100,,,0.000690555198595202,,,,PASS,recovery,DEC0,end_level_v,-0.18000000000000002,0.18000000000000002,False
fast_ctl010_a0_to_3_p2100,,,0.0012996480176968445,,,,PASS,recovery,DEC0,settled_max_v,,0.18000000000000002,False
fast_ctl010_a0_to_3_p2100,,,0.0007593206392843869,,,,PASS,recovery,DEC1,end_level_v,-0.18000000000000002,0.18000000000000002,False
fast_ctl010_a0_to_3_p2100,,,0.001888252467881131,,,,PASS,recovery,DEC1,settled_max_v,,0.18000000000000002,False
fast_ctl010_a0_to_3_p2100,,,0.0007477323701856071,,,,PASS,recovery,DEC2,end_level_v,-0.18000000000000002,0.18000000000000002,False
fast_ctl010_a0_to_3_p2100,,,0.0015283363831826676,,,,PASS,recovery,DEC2,settled_max_v,,0.18000000000000002,False
fast_ctl010_a0_to_3_p2100,,,0.0005755053926576572,,,,PASS,recovery,DEC3,end_level_v,-0.18000000000000002,0.18000000000000002,False
fast_ctl010_a0_to_3_p2100,,,0.002009209494352243,,,,PASS,recovery,DEC3,settled_max_v,,0.18000000000000002,False
fast_ctl010_a0_to_3_p2100,,,0.00015196092923213582,,,,PASS,recovery,WL0,end_level_v,-0.18000000000000002,0.18000000000000002,False
fast_ctl010_a0_to_3_p2100,,,0.00015264049349625073,,,,PASS,recovery,WL0,settled_max_v,,0.18000000000000002,False
fast_ctl010_a0_to_3_p2100,,,0.00015206369087392453,,,,PASS,recovery,WL1,end_level_v,-0.18000000000000002,0.18000000000000002,False
fast_ctl010_a0_to_3_p2100,,,0.00015306054838507948,,,,PASS,recovery,WL1,settled_max_v,,0.18000000000000002,False
fast_ctl010_a0_to_3_p2100,,,0.00015203047999780986,,,,PASS,recovery,WL2,end_level_v,-0.18000000000000002,0.18000000000000002,False
fast_ctl010_a0_to_3_p2100,,,0.00015265257087566952,,,,PASS,recovery,WL2,settled_max_v,,0.18000000000000002,False
fast_ctl010_a0_to_3_p2100,,,0.00015175730244106948,,,,PASS,recovery,WL3,end_level_v,-0.18000000000000002,0.18000000000000002,False
fast_ctl010_a0_to_3_p2100,,,0.00015300079820554935,,,,PASS,recovery,WL3,settled_max_v,,0.18000000000000002,False
fast_ctl010_a0_to_3_p2100,,,1.8050805037605298,,,,PASS,recovery,N0,end_level_v,1.62,1.9800000000000002,False
fast_ctl010_a0_to_3_p2100,,,1.8052307501846445,,,,PASS,recovery,N1,end_level_v,1.62,1.9800000000000002,False
fast_ctl010_a0_to_3_p2100,,,1.8044265044533736,,,,PASS,recovery,N2,end_level_v,1.62,1.9800000000000002,False
fast_ctl010_a0_to_3_p2100,,,1.803853092583524,,,,PASS,recovery,N3,end_level_v,1.62,1.9800000000000002,False
fast_ctl010_a0_to_3_p2100,,,0.00022857127303830386,,,,PASS,final_precharge,DEC0,settled_max_v,,0.18000000000000002,False
fast_ctl010_a0_to_3_p2100,,,0.00022783388647498737,,,,PASS,final_precharge,DEC0,settled_min_v,-0.18000000000000002,,False
fast_ctl010_a0_to_3_p2100,,,0.00023179105951439172,,,,PASS,final_precharge,DEC1,settled_max_v,,0.18000000000000002,False
fast_ctl010_a0_to_3_p2100,,,0.00023097084496586425,,,,PASS,final_precharge,DEC1,settled_min_v,-0.18000000000000002,,False
fast_ctl010_a0_to_3_p2100,,,0.00023490255065672244,,,,PASS,final_precharge,DEC2,settled_max_v,,0.18000000000000002,False
fast_ctl010_a0_to_3_p2100,,,0.00023395061218683242,,,,PASS,final_precharge,DEC2,settled_min_v,-0.18000000000000002,,False
fast_ctl010_a0_to_3_p2100,,,0.0002412903637764751,,,,PASS,final_precharge,DEC3,settled_max_v,,0.18000000000000002,False
fast_ctl010_a0_to_3_p2100,,,0.00023807241005985953,,,,PASS,final_precharge,DEC3,settled_min_v,-0.18000000000000002,,False
fast_ctl010_a0_to_3_p2100,,,0.0001512391712410789,,,,PASS,final_precharge,WL0,settled_max_v,,0.18000000000000002,False
fast_ctl010_a0_to_3_p2100,,,0.00015123905757064775,,,,PASS,final_precharge,WL0,settled_min_v,-0.18000000000000002,,False
fast_ctl010_a0_to_3_p2100,,,0.00015123916218871502,,,,PASS,final_precharge,WL1,settled_max_v,,0.18000000000000002,False
fast_ctl010_a0_to_3_p2100,,,0.0001512390359932677,,,,PASS,final_precharge,WL1,settled_min_v,-0.18000000000000002,,False
fast_ctl010_a0_to_3_p2100,,,0.00015123914760061986,,,,PASS,final_precharge,WL2,settled_max_v,,0.18000000000000002,False
fast_ctl010_a0_to_3_p2100,,,0.00015123900160099582,,,,PASS,final_precharge,WL2,settled_min_v,-0.18000000000000002,,False
fast_ctl010_a0_to_3_p2100,,,0.00015127683687318584,,,,PASS,final_precharge,WL3,settled_max_v,,0.18000000000000002,False
fast_ctl010_a0_to_3_p2100,,,0.00015123886390562563,,,,PASS,final_precharge,WL3,settled_min_v,-0.18000000000000002,,False
fast_ctl010_a0_to_3_p2100,,,1.7999938116252618,,,,PASS,final_precharge,N0,end_level_v,1.62,1.9800000000000002,False
fast_ctl010_a0_to_3_p2100,,,1.8000009424458996,,,,PASS,final_precharge,N1,end_level_v,1.62,1.9800000000000002,False
fast_ctl010_a0_to_3_p2100,,,1.7999322238637756,,,,PASS,final_precharge,N2,end_level_v,1.62,1.9800000000000002,False
fast_ctl010_a0_to_3_p2100,,,1.7987449226500511,,,,PASS,final_precharge,N3,end_level_v,1.62,1.9800000000000002,False
fast_ctl010_a0_to_3_p2100,,,1.8050953960186467,,,,PASS,pex_recovery,N0.N0.t2,dynamic_segment_level_v,1.62,1.9800000000000002,False
fast_ctl010_a0_to_3_p2100,,,1.7999938108560931,,,,PASS,pex_final_precharge,N0.N0.t2,dynamic_segment_level_v,1.62,1.9800000000000002,False
fast_ctl010_a0_to_3_p2100,,,1.8052565754603567,,,,PASS,pex_recovery,N0.N0.n1,dynamic_segment_level_v,1.62,1.9800000000000002,False
fast_ctl010_a0_to_3_p2100,,,1.7999938055412505,,,,PASS,pex_final_precharge,N0.N0.n1,dynamic_segment_level_v,1.62,1.9800000000000002,False
fast_ctl010_a0_to_3_p2100,,,1.8052465745678383,,,,PASS,pex_recovery,N0.N0.t0,dynamic_segment_level_v,1.62,1.9800000000000002,False
fast_ctl010_a0_to_3_p2100,,,1.79999380418112,,,,PASS,pex_final_precharge,N0.N0.t0,dynamic_segment_level_v,1.62,1.9800000000000002,False
fast_ctl010_a0_to_3_p2100,,,1.805749852307363,,,,PASS,pex_recovery,N0.N0.t1,dynamic_segment_level_v,1.62,1.9800000000000002,False
fast_ctl010_a0_to_3_p2100,,,1.7999935923858388,,,,PASS,pex_final_precharge,N0.N0.t1,dynamic_segment_level_v,1.62,1.9800000000000002,False
fast_ctl010_a0_to_3_p2100,,,1.8050805037605298,,,,PASS,pex_recovery,N0.N0,dynamic_segment_level_v,1.62,1.9800000000000002,False
fast_ctl010_a0_to_3_p2100,,,1.7999938116252618,,,,PASS,pex_final_precharge,N0.N0,dynamic_segment_level_v,1.62,1.9800000000000002,False
fast_ctl010_a0_to_3_p2100,,,1.8052444219473467,,,,PASS,pex_recovery,N0.N0.n0,dynamic_segment_level_v,1.62,1.9800000000000002,False
fast_ctl010_a0_to_3_p2100,,,1.7999938108263593,,,,PASS,pex_final_precharge,N0.N0.n0,dynamic_segment_level_v,1.62,1.9800000000000002,False
fast_ctl010_a0_to_3_p2100,,,1.8050805037605298,,,,PASS,pex_recovery,N0.N0.t3,dynamic_segment_level_v,1.62,1.9800000000000002,False
fast_ctl010_a0_to_3_p2100,,,1.7999938116252618,,,,PASS,pex_final_precharge,N0.N0.t3,dynamic_segment_level_v,1.62,1.9800000000000002,False
fast_ctl010_a0_to_3_p2100,,,1.8052307501846445,,,,PASS,pex_recovery,N1.N1.t3,dynamic_segment_level_v,1.62,1.9800000000000002,False
fast_ctl010_a0_to_3_p2100,,,1.8000009424458996,,,,PASS,pex_final_precharge,N1.N1.t3,dynamic_segment_level_v,1.62,1.9800000000000002,False
fast_ctl010_a0_to_3_p2100,,,1.8053996589249866,,,,PASS,pex_recovery,N1.N1.n0,dynamic_segment_level_v,1.62,1.9800000000000002,False
fast_ctl010_a0_to_3_p2100,,,1.8000009389221572,,,,PASS,pex_final_precharge,N1.N1.n0,dynamic_segment_level_v,1.62,1.9800000000000002,False
fast_ctl010_a0_to_3_p2100,,,1.8052462189563168,,,,PASS,pex_recovery,N1.N1.t2,dynamic_segment_level_v,1.62,1.9800000000000002,False
fast_ctl010_a0_to_3_p2100,,,1.8000009411844184,,,,PASS,pex_final_precharge,N1.N1.t2,dynamic_segment_level_v,1.62,1.9800000000000002,False
fast_ctl010_a0_to_3_p2100,,,1.8058941276278826,,,,PASS,pex_recovery,N1.N1.t1,dynamic_segment_level_v,1.62,1.9800000000000002,False
fast_ctl010_a0_to_3_p2100,,,1.7999997982228337,,,,PASS,pex_final_precharge,N1.N1.t1,dynamic_segment_level_v,1.62,1.9800000000000002,False
fast_ctl010_a0_to_3_p2100,,,1.8052307501846445,,,,PASS,pex_recovery,N1.N1,dynamic_segment_level_v,1.62,1.9800000000000002,False
fast_ctl010_a0_to_3_p2100,,,1.8000009424458996,,,,PASS,pex_final_precharge,N1.N1,dynamic_segment_level_v,1.62,1.9800000000000002,False
fast_ctl010_a0_to_3_p2100,,,1.8054115301737426,,,,PASS,pex_recovery,N1.N1.n1,dynamic_segment_level_v,1.62,1.9800000000000002,False
fast_ctl010_a0_to_3_p2100,,,1.8000009119341522,,,,PASS,pex_final_precharge,N1.N1.n1,dynamic_segment_level_v,1.62,1.9800000000000002,False
fast_ctl010_a0_to_3_p2100,,,1.8054009964388362,,,,PASS,pex_recovery,N1.N1.t0,dynamic_segment_level_v,1.62,1.9800000000000002,False
fast_ctl010_a0_to_3_p2100,,,1.8000009107169992,,,,PASS,pex_final_precharge,N1.N1.t0,dynamic_segment_level_v,1.62,1.9800000000000002,False
fast_ctl010_a0_to_3_p2100,,,1.8044416445126215,,,,PASS,pex_recovery,N2.N2.t2,dynamic_segment_level_v,1.62,1.9800000000000002,False
fast_ctl010_a0_to_3_p2100,,,1.799932222772633,,,,PASS,pex_final_precharge,N2.N2.t2,dynamic_segment_level_v,1.62,1.9800000000000002,False
fast_ctl010_a0_to_3_p2100,,,1.8046135965750585,,,,PASS,pex_recovery,N2.N2.n1,dynamic_segment_level_v,1.62,1.9800000000000002,False
fast_ctl010_a0_to_3_p2100,,,1.7999322131891746,,,,PASS,pex_final_precharge,N2.N2.n1,dynamic_segment_level_v,1.62,1.9800000000000002,False
fast_ctl010_a0_to_3_p2100,,,1.8044265044533736,,,,PASS,pex_recovery,N2.N2,dynamic_segment_level_v,1.62,1.9800000000000002,False
fast_ctl010_a0_to_3_p2100,,,1.7999322238637756,,,,PASS,pex_final_precharge,N2.N2,dynamic_segment_level_v,1.62,1.9800000000000002,False
fast_ctl010_a0_to_3_p2100,,,1.8044265044533736,,,,PASS,pex_recovery,N2.N2.t3,dynamic_segment_level_v,1.62,1.9800000000000002,False
fast_ctl010_a0_to_3_p2100,,,1.7999322238637756,,,,PASS,pex_final_precharge,N2.N2.t3,dynamic_segment_level_v,1.62,1.9800000000000002,False
fast_ctl010_a0_to_3_p2100,,,1.8046021250406168,,,,PASS,pex_recovery,N2.N2.n0,dynamic_segment_level_v,1.62,1.9800000000000002,False
fast_ctl010_a0_to_3_p2100,,,1.79993222627271,,,,PASS,pex_final_precharge,N2.N2.n0,dynamic_segment_level_v,1.62,1.9800000000000002,False
fast_ctl010_a0_to_3_p2100,,,1.8051535534069003,,,,PASS,pex_recovery,N2.N2.t1,dynamic_segment_level_v,1.62,1.9800000000000002,False
fast_ctl010_a0_to_3_p2100,,,1.7999359572091636,,,,PASS,pex_final_precharge,N2.N2.t1,dynamic_segment_level_v,1.62,1.9800000000000002,False
fast_ctl010_a0_to_3_p2100,,,1.8045858835674358,,,,PASS,pex_recovery,N2.N2.t0,dynamic_segment_level_v,1.62,1.9800000000000002,False
fast_ctl010_a0_to_3_p2100,,,1.7999312519137418,,,,PASS,pex_final_precharge,N2.N2.t0,dynamic_segment_level_v,1.62,1.9800000000000002,False
fast_ctl010_a0_to_3_p2100,,,1.803996031755743,,,,PASS,pex_recovery,N3.N3.t0,dynamic_segment_level_v,1.62,1.9800000000000002,False
fast_ctl010_a0_to_3_p2100,,,1.798724291978529,,,,PASS,pex_final_precharge,N3.N3.t0,dynamic_segment_level_v,1.62,1.9800000000000002,False
fast_ctl010_a0_to_3_p2100,,,1.8040097958591512,,,,PASS,pex_recovery,N3.N3.n0,dynamic_segment_level_v,1.62,1.9800000000000002,False
fast_ctl010_a0_to_3_p2100,,,1.7987452115802094,,,,PASS,pex_final_precharge,N3.N3.n0,dynamic_segment_level_v,1.62,1.9800000000000002,False
fast_ctl010_a0_to_3_p2100,,,1.804022452859878,,,,PASS,pex_recovery,N3.N3.n1,dynamic_segment_level_v,1.62,1.9800000000000002,False
fast_ctl010_a0_to_3_p2100,,,1.7987452215229873,,,,PASS,pex_final_precharge,N3.N3.n1,dynamic_segment_level_v,1.62,1.9800000000000002,False
fast_ctl010_a0_to_3_p2100,,,1.8038648042957977,,,,PASS,pex_recovery,N3.N3.t2,dynamic_segment_level_v,1.62,1.9800000000000002,False
fast_ctl010_a0_to_3_p2100,,,1.7987449456740192,,,,PASS,pex_final_precharge,N3.N3.t2,dynamic_segment_level_v,1.62,1.9800000000000002,False
fast_ctl010_a0_to_3_p2100,,,1.8046115057408039,,,,PASS,pex_recovery,N3.N3.t1,dynamic_segment_level_v,1.62,1.9800000000000002,False
fast_ctl010_a0_to_3_p2100,,,1.7988388970547238,,,,PASS,pex_final_precharge,N3.N3.t1,dynamic_segment_level_v,1.62,1.9800000000000002,False
fast_ctl010_a0_to_3_p2100,,,1.803853092583524,,,,PASS,pex_recovery,N3.N3.t3,dynamic_segment_level_v,1.62,1.9800000000000002,False
fast_ctl010_a0_to_3_p2100,,,1.7987449226500511,,,,PASS,pex_final_precharge,N3.N3.t3,dynamic_segment_level_v,1.62,1.9800000000000002,False
fast_ctl010_a0_to_3_p2100,,,1.803853092583524,,,,PASS,pex_recovery,N3.N3,dynamic_segment_level_v,1.62,1.9800000000000002,False
fast_ctl010_a0_to_3_p2100,,,1.7987449226500511,,,,PASS,pex_final_precharge,N3.N3,dynamic_segment_level_v,1.62,1.9800000000000002,False
